0 2458056.19567 1 265.125 0.0 0.0
1 2458054.7976 1 295.16 -2.3933656754 -0.164711338273
2 2458055.45672 1 324.654 4.09165899872 -0.0939003416007
3 2458055.66605 1 272.151 4.78399467402 -0.0945846299962
4 2458055.25096 1 518.454 2.77845462141 -0.0952199160516
5 2458055.98991 1 297.498 1.38187064847 -0.010754449909
6 2458055.34578 1 256.332 0.416836213747 -0.117399487739
7 2458056.12589 1 290.058 0.899131427604 -0.002058457547
8 2458056.47121 1 256.46 -2.00548375306 -0.00396646978669
9 2458055.78057 1 415.328 0.987177257609 0.0254549581947
10 2458054.87521 1 259.275 -2.98583195529 -0.149944425478
11 2458055.85751 1 300.356 1.94927253076 -0.00460199098784
12 2458055.07739 1 257.979 -2.4456231916 -0.141117617094
13 2458056.4426 1 409.913 1.9890256486 0.0202928167929
14 2458055.05236 1 416.624 2.08838942107 -0.112458324067
15 2458054.81548 1 255.71 -5.91762671287 -0.165800985395
16 2458055.7913 1 293.552 1.3780350197 -0.00370665453233
17 2458056.05969 1 288.518 1.03285081298 -0.00956381765915
18 2458055.67727 5 254.787 135.431915186 1.1845950414
19 2458055.32074 1 397.892 2.97692968072 -0.0960749474832
20 2458054.93785 1 264.713 0.434238287837 -0.144364768993
21 2458056.00422 1 258.161 -2.05048558849 -0.0182754600144
22 2458055.39767 1 295.838 3.09705488126 -0.10130657508
23 2458055.59985 1 272.066 3.50303573272 -0.0959060590541
24 2458056.13662 1 258.425 -2.48297337846 -0.0129644223071
25 2458055.92729 1 288.658 1.11144079815 -0.00985458846936
26 2458054.86806 1 286.505 -1.67317674656 -0.144847589314
27 2458055.73844 1 259.689 -2.24854872386 -0.0078780590117
28 2458055.51577 1 402.47 4.20730783636 -0.0788932680052
29 2458055.18833 1 346.763 2.83519751332 -0.111679927108
30 2458056.11874 0 316.578 1.29034494602 0.00139053713559
31 2458056.46406 1 262.293 0.0518902771297 -0.00368867589125
32 2458055.11857 1 391.466 2.59352774549 -0.109963281554
33 2458055.53723 1 263.02 1.87584719667 -0.101846670828
34 2458055.91298 1 424.221 0.886188226248 0.0147837635023
35 2458054.93069 1 298.646 0.359233545135 -0.146656720585
36 2458054.79045 1 339.439 -1.84563018727 -0.163471454443
37 2458055.46387 1 294.213 3.94225823318 -0.0945437096944
38 2458056.25114 1 322.562 1.0672489898 0.0041460205415
39 2458055.06666 1 286.721 1.32934632259 -0.128549079531
40 2458055.98276 1 349.578 2.2874581556 0.00155740643329
41 2458055.64817 1 375.283 5.2607302107 -0.0830800765551
42 2458055.19548 1 300.215 1.78695605114 -0.116729874219
43 2458055.40483 1 260.409 1.03089888108 -0.108137942457
44 2458055.13645 1 264.308 0.313989792189 -0.128591227713
45 2458056.32449 1 290.925 0.712977908453 -0.00693731306964
46 2458054.86091 1 315.847 -1.55465184785 -0.143213204224
47 2458055.92014 1 311.836 2.0988353388 -1.77061713619e-08
48 2458055.52292 1 314.214 5.306510287 -0.0895253873842
49 2458055.73129 1 273.052 0.974074988065 -0.00399201499541
50 2458055.80918 1 256.217 -2.88080933094 -0.0107151835918
51 2458055.4746 1 257.127 1.35606651062 -0.103838739251
52 2458056.40143 1 258.352 -1.98446687586 -0.0118679412717
53 2458055.05951 1 318.083 2.21541589664 -0.122340181497
54 2458055.26526 1 291.482 2.09261832934 -0.104062175251
55 2458054.98973 1 349.456 1.69931868149 -0.133310565023
56 2458056.05254 1 318.263 2.57980460598 -6.17142938141e-08
57 2458055.66248 1 288.359 5.12416125929 -0.0952769701274
58 2458056.07399 1 257.253 -2.56577004633 -0.0131487974159
59 2458055.21337 1 257.034 -2.38551989822 -0.130135559018
60 2458055.99349 1 285.559 1.6028976181 -0.0119105744494
61 2458056.19924 1 261.909 -2.1288239998 -0.0106526798057
62 2458056.33522 1 259.523 -2.84656883432 -0.0150433728706
63 2458054.80118 1 286.753 -3.28592760142 -0.164243190918
64 2458055.78415 1 354.434 2.11569598027 0.0143110943079
65 2458054.87879 1 257.746 -4.00950487887 -0.153305194109
66 2458055.08096 1 254.385 -2.54559660231 -0.14190748116
67 2458055.38337 1 424.934 4.2329262809 -0.0835933067551
68 2458056.12231 1 301.043 0.814552920383 -0.002679271152
69 2458056.46763 1 259.461 -1.89959827505 -0.00936598054098
70 2458056.06327 1 266.453 1.27321275946 -0.00777039878839
71 2458056.00064 1 263.423 -1.72773212109 -0.0204539716853
72 2458055.31717 1 452.681 3.04846628252 -0.0915580206913
73 2458054.94142 1 259.743 -2.50520841649 -0.151379577534
74 2458056.40501 1 257.66 -2.99234992401 -0.0111944014022
75 2458055.01476 1 255.149 -3.58137720468 -0.151212903411
76 2458055.79488 1 287.622 1.03783914133 -0.00279293504806
77 2458054.8119 1 258.632 -5.42515482972 -0.170549189046
78 2458054.86448 1 297.669 -1.30324104798 -0.143050242349
79 2458055.93086 1 264.414 1.0133805888 -0.00485744146129
80 2458055.51935 1 332.736 5.46940397602 -0.0852441210968
81 2458055.73487 1 262.379 -1.12340725753 -0.00816168674848
82 2458055.18476 1 465.463 2.75322031132 -0.101326963512
83 2458056.26902 1 259.919 -3.14482150261 -0.0100571130077
84 2458055.54487 1 256.524 71.7809045706 0.66687895006
85 2458055.3941 1 321.686 3.67046396274 -0.10201138506
86 2458055.60343 1 262.377 2.50170185193 -0.105893092651
87 2458056.14019 1 257.003 -2.67547351373 -0.0135797584962
88 2458055.12214 1 335.705 2.3550311896 -0.116744276585
89 2458054.93427 1 289.55 0.229439422104 -0.145163641732
90 2458055.87539 1 257.537 -2.46013059204 -0.011808368968
91 2458056.11516 1 336.491 1.058703764 0.0110358049813
92 2458056.46048 1 270.971 0.528198618951 -0.00131768787092
93 2458055.33147 1 295.561 1.94827906633 -0.107524268811
94 2458055.98634 1 319.461 1.84589922902 -0.00441437509039
95 2458055.00404 1 265.788 0.255817098559 -0.141229668037
96 2458055.19191 1 316.538 1.83699345044 -0.118477896669
97 2458054.79402 2 315.958 -1.5381894627 -0.166460706282
98 2458055.4603 1 310.055 3.78082513168 -0.0938912896041
99 2458055.07024 1 266.066 0.329455590456 -0.134357049447
100 2458056.25471 1 300.03 1.32644788251 -0.0028481699548
101 2458056.38713 1 312.926 1.42292152755 -0.00524074043955
102 2458055.13287 1 290.711 1.54337173414 -0.125245310813
103 2458056.32091 1 310.456 1.07643371372 -0.00330083678633
104 2458055.92371 1 301.01 1.15323041828 -0.0114770626552
105 2458054.85733 1 327.171 0.0001 -0.137095618104
106 2458055.72772 1 290.964 1.76102926959 -0.00203506633511
107 2458055.5265 1 305.949 4.37895997729 -0.0961713762211
108 2458055.58197 1 382.629 5.0966110894 -0.0752056912012
109 2458056.19209 1 287.783 0.0299182262068 -0.0062002867218
110 2458055.40125 1 260.788 3.18776962375 -0.102150571659
111 2458055.26169 1 307.409 1.6758593228 -0.10844012938
112 2458054.99331 1 319.057 0.893519166982 -0.139441598425
113 2458056.05611 1 303.588 1.36094668369 -0.00768534446585
114 2458055.47818 1 255.999 1.04870652248 -0.101002632775
115 2458055.84678 1 391.964 2.47438344058 0.0246907571923
116 2458056.39785 1 263.015 0.0001 -0.00647100635475
117 2458056.26544 1 261.274 -2.36248379546 -0.00873411926495
118 2458055.05593 1 349.067 1.71072748913 -0.121890537379
119 2458055.61107 31 257.062 -89.5578919335 -0.793513172732
120 2458056.13304 1 263.621 0.0341505658158 -0.0122746021728
121 2458054.88236 1 255.013 -4.47094756355 -0.150969382393
122 2458055.86466 1 265.64 1.32617741069 -0.00474559631059
123 2458055.78772 1 310.685 1.79195596983 0.00802461538178
124 2458056.3388 1 257.595 -3.66971697248 -0.0120040991049
125 2458056.20282 1 258.47 -2.01701966932 -0.0119473816597
126 2458055.5408 1 257.042 0.965437462839 -0.102665687558
127 2458054.80475 1 272.29 -2.73663125704 -0.164444276558
128 2458055.45315 1 345.524 4.67843329753 -0.0907308367723
129 2458055.20979 1 255.16 -1.86636201931 -0.130220642195
130 2458055.6589 1 300.271 5.38554131903 -0.0921808362602
131 2458055.32432 1 346.366 2.88092509385 -0.10550726659
132 2458055.39052 1 340.345 3.48785075997 -0.100329363157
133 2458056.17778 1 432.707 1.1308999487 0.0216431629542
134 2458055.5927 1 298.442 4.742050496 -0.0966381605845
135 2458055.7456 1 260.781 -2.22119089111 -0.00238974597797
136 2458055.93444 1 261.835 -1.71800363081 -0.0151907865863
137 2458054.87164 1 266.179 -1.75101610316 -0.145068236016
138 2458056.31019 1 441.654 0.689610263011 0.0185587811746
139 2458055.14718 1 255.067 -2.80913423176 -0.138251478854
140 2458055.01119 1 258.148 -2.89209704758 -0.15359408096
141 2458056.44975 1 327.951 1.92019290534 0.00395862961877
142 2458055.79845 1 268.075 0.807524327742 0.000294196404758
143 2458055.66963 1 260.481 3.69974278035 -0.106125285396
144 2458056.06684 1 261.687 -1.6324030241 -0.0134893831188
145 2458055.25453 1 379.697 2.020706483 -0.10199692456
146 2458055.27957 1 256.195 -1.84173784725 -0.118678838141
147 2458054.945 1 257.396 -3.7005122192 -0.160097823717
148 2458055.47103 1 260.251 1.73228472176 -0.104283870374
149 2458055.85394 1 320.261 1.97451617613 0.00150966168646
150 2458056.37997 1 362.882 1.78233136632 0.00675727962394
151 2458056.24399 1 478.4 1.77702085911 0.0209454294061
152 2458055.00046 1 285.344 0.694264685426 -0.142367171757
153 2458055.94159 1 256.221 -3.06601168908 -0.0160582000188
154 2458055.20264 1 265.043 1.10445961875 -0.114565721541
155 2458055.65175 1 321.024 5.61842711897 -0.0885605740992
156 2458056.4569 1 295.312 0.86660704272 -0.00339619512922
157 2458056.11158 1 389.813 2.12332677737 0.0253082995403
158 2458055.33505 1 263.019 1.14058965918 -0.10481179768
159 2458055.12572 1 315.205 2.48266946702 -0.122309866653
160 2458056.32807 1 261.422 0.567266891674 -0.00478321639782
161 2458055.87182 1 259.054 -2.10948862731 -0.0120373491182
162 2458054.92354 1 342.464 1.07112566648 -0.134915140493
163 2458055.80203 1 259.906 -1.769622546 -0.00402279413733
164 2458056.26187 1 264.235 0.187401442179 -0.00374859056221
165 2458056.39428 1 263.982 1.30708759583 -0.00337859990111
166 2458055.27241 1 260.854 -1.68654679363 -0.115363149984
167 2458056.04538 1 410.371 1.52448319201 0.0150013386749
168 2458056.18494 1 313.373 1.1893830771 0.00397855454044
169 2458055.58555 1 337.707 5.10255163287 -0.0901932776077
170 2458055.41198 1 255.857 0.118836332414 -0.109800699027
171 2458056.31734 1 337.319 0.672744570495 -0.000969708222159
172 2458055.1436 1 258.933 -1.62842465062 -0.134408063818
173 2458055.53007 2 294.682 3.96506556284 -0.0945867657902
174 2458055.72414 1 297.756 1.34529542083 0.000282588231652
175 2458054.85375 1 366.517 -0.719275201672 -0.129068453439
176 2458055.86109 1 286.158 1.9199624663 -0.0043953067785
177 2458054.91997 1 416.722 1.291848441 -0.125931623017
178 2458055.07381 1 258.719 -2.30411376383 -0.140589259945
179 2458055.3422 1 256.76 0.0817346059884 -0.115640869281
180 2458055.607 1 257.9 1.81478860094 -0.106757639074
181 2458056.12947 1 265.972 0.273302711901 -0.00267411966739
182 2458055.20621 1 261.643 -0.875697776841 -0.128033045121
183 2458055.65532 1 312.325 6.24700164511 -0.0936382242806
184 2458055.3279 1 315.72 2.81683036591 -0.10545348805
185 2458055.99707 1 264.18 1.0309513968 -0.0135146927316
186 2458056.3764 1 425.159 1.33176053871 0.0208821326082
187 2458056.20639 1 256.277 -3.34308298302 -0.0132501133435
188 2458054.80833 1 258.31 -4.00994023853 -0.167571475799
189 2458055.44957 1 386.25 4.18079480782 -0.0784943727924
190 2458055.74202 1 256.409 -2.31540546963 -0.00800693579915
191 2458055.93802 1 255.839 -1.84519581372 -0.0159533142684
192 2458056.27259 1 256.645 -3.51375795202 -0.0116268842654
193 2458055.38695 1 357.922 3.56751919472 -0.0969208980251
194 2458056.18136 1 345.484 0.784329735296 0.00751334665597
195 2458055.59627 1 289.218 4.34327567789 -0.097326272626
196 2458055.6732 1 258.474 3.22921124745 -0.108182638112
197 2458055.25811 1 333.6 2.39918858665 -0.106235128007
198 2458056.07042 1 258.846 -2.10191796392 -0.0132125934776
199 2458056.00779 1 258.138 -2.92263638502 -0.0194876547088
200 2458055.27599 1 256.233 -1.83603790597 -0.122370322051
201 2458054.94858 1 254.583 -3.51444078726 -0.154278938154
202 2458055.00761 1 259.825 -2.20567985609 -0.151537982352
203 2458056.44617 1 348.278 1.2904989759 0.00958264666496
204 2458055.97918 1 418.779 1.68900602081 0.014797508449
205 2458054.99688 1 297.934 1.82449336919 -0.139562371694
206 2458055.19906 1 288.973 0.971372153814 -0.114092662689
207 2458055.85036 1 352.169 1.42399422349 0.00725278398915
208 2458055.46745 1 270.771 3.44257797079 -0.0959715172763
209 2458056.38355 1 332.28 1.30474758864 -0.00111428448702
210 2458056.24756 1 371.986 0.665390346167 0.00964569450218
211 2458055.1293 1 300.484 1.74842318654 -0.122559896336
212 2458056.33164 1 261.479 -1.49669180322 -0.00961032772818
213 2458054.92712 1 310.16 1.27153717799 -0.142423293178
214 2458055.86824 1 261.023 0.388804168159 -0.0100341951196
215 2458056.45333 1 307.385 1.80893478947 0.00132105898278
216 2458055.33863 1 260.601 0.46568519135 -0.112477984213
217 2458055.26884 1 262.854 1.48828371185 -0.108352500415
218 2458054.98615 1 433.567 1.60233527428 -0.124432486504
219 2458056.04896 1 348.179 1.60965218759 0.00709657502102
220 2458055.8056 1 258.835 -2.54407101703 -0.0114908757331
221 2458056.25829 1 287.274 0.821451162128 -9.24055578564e-05
222 2458055.06308 1 301.548 1.75993484119 -0.128611889923
223 2458056.3907 1 294.899 0.962189844928 -0.00430329958922
224 2458056.31376 1 386.49 0.757638766484 0.00956460735615
225 2458055.14002 1 259.676 0.297409824853 -0.133774250473
226 2458055.72056 1 309.68 1.58377601021 0.00734149229746
227 2458055.53365 1 273.294 3.95679740157 -0.09429416445
228 2458055.91656 1 352.41 1.69991555805 0.00764971302463
229 2458056.18851 1 299.277 0.894723878077 -0.00157172617057
230 2458055.58912 1 311.322 4.93749054108 -0.0927170531317
231 2458055.4084 1 258.01 1.28725618105 -0.109769839779
