0.0465213242238 9307036.14079 10211720.8721 9309321.14431 10748329.9941 2458056.19567 0 25 0
-0.0432640780551 9296643.21027 10226322.7281 9298918.19049 10774550.0731 2458054.7976 0 25 0
-0.000934516708405 9270711.34759 10215423.8506 9272772.74818 10786693.2416 2458055.45672 0 25 0
0.0125088730629 9285730.24419 10176986.1051 9287360.29564 10691622.7725 2458055.66605 0 25 0
-0.014149000487 9258939.09281 10314220.0931 9260903.5497 10996635.4763 2458055.25096 0 25 0
0.0333075879578 9305296.83025 10207679.0141 9307301.60535 10734042.0526 2458055.98991 0 25 0
-0.008059455288 9275528.58633 10177450.8386 9277583.27635 10708660.7701 2458055.34578 0 25 0
0.0420401765562 9298063.26957 10209686.5281 9300605.11979 10751207.6395 2458056.12589 0 25 0
0.0642169100345 9309392.86312 10212036.6342 9311130.17418 10754633.2495 2458056.47121 0 25 0
0.0198634398481 9243591.04268 10227777.21 9245947.0395 10836437.5639 2458055.78057 0 25 0
-0.0382797605368 9323577.16545 10219919.5899 9325260.47622 10737503.7047 2458054.87521 0 25 0
0.0248046744864 9275537.3182 10188789.0254 9277668.44128 10725130.8952 2458055.85751 0 25 0
-0.0252957016706 9323442.01463 10227722.9337 9325844.14969 10753400.3782 2458055.07739 0 25 0
0.062379565271 9279295.6975 10274238.1638 9281643.94179 10895742.4453 2458056.4426 0 25 0
-0.0269033897588 9296350.92028 10286420.9468 9298158.88487 10883191.0894 2458055.05236 0 25 0
-0.042115754336 9320357.49031 10218177.6075 9322189.9274 10741299.5216 2458054.81548 0 25 0
0.0205524624776 9266822.35547 10168968.8012 9268660.21311 10700622.7682 2458055.7913 0 25 0
0.0377887256669 9311002.04466 10195998.1034 9312825.37449 10707295.2369 2458056.05969 0 25 0
0.0132290873011 8276271.48829 9136658.13804 8188213.32284 9590550.38362 2458055.67727 0 25 0
-0.00966712094723 9274800.61912 10282755.8629 9277149.39368 10917418.8671 2458055.32074 0 25 0
-0.0342572194383 9316443.06018 10215586.4187 9317706.40554 10731465.3343 2458054.93785 0 25 0
0.0342262532969 9307097.39683 10211787.5571 9308896.04859 10751388.0941 2458056.00422 0 25 0
-0.00472665149563 9282973.72605 10195271.8987 9284768.03329 10732455.1634 2458055.39767 0 25 0
0.00825741012188 9281760.02722 10199983.3393 9282814.77456 10741865.6055 2458055.59985 0 25 0
0.0427291789099 9300258.00496 10195125.2117 9302081.82752 10727549.0945 2458056.13662 0 25 0
0.029285800353 9293612.78189 10195489.7749 9295251.38152 10722348.8312 2458055.92729 0 25 0
-0.0387390931765 9321057.56857 10230676.8876 9322814.82877 10757102.3633 2458054.86806 0 25 0
0.0171579695399 9271775.72004 10163961.8054 9273924.23422 10699878.0067 2458055.73844 0 25 0
0.00285758847258 9252475.60798 10216404.1748 9254489.92097 10796819.5173 2458055.51577 0 25 0
-0.0181707961663 9292268.89528 10236505.0081 9294080.52719 10793317.2644 2458055.18833 0 25 0
0.0415808484023 9306875.69353 10252472.7917 9308120.12504 10815008.23 2458056.11874 0 25 0
0.0637575712942 9305154.11168 10213987.9149 9307189.41071 10758229.5362 2458056.46406 0 25 0
-0.0226511894131 9297220.81191 10288877.8563 9299253.65355 10887761.8223 2458055.11857 0 25 0
0.0042356186593 9282486.62956 10190881.9976 9284557.01534 10731621.0761 2458055.53723 0 25 0
0.0283671146783 9255653.21925 10246222.2899 9258020.41302 10855366.3344 2458055.91298 0 25 0
-0.0347165557862 9316987.14292 10255595.6413 9318782.76595 10809420.722 2458054.93069 0 25 0
-0.0437234339311 9258628.39438 10200169.3762 9260221.90653 10749841.9553 2458054.79045 0 25 0
-0.000475188823709 9278586.25072 10201679.4234 9280566.32959 10750844.6002 2458055.46387 0 25 0
0.0500837739256 9298674.87829 10222027.9259 9300260.94383 10771168.3006 2458056.25114 0 25 0
-0.0259847037253 9314130.90649 10214748.0476 9316380.00924 10732308.5587 2458055.06666 0 25 0
0.0328482567536 9302218.05756 10266866.6717 9304270.02769 10849677.6291 2458055.98276 0 25 0
0.0113605140257 9249767.21651 10207148.7739 9251859.847 10781947.9985 2458055.64817 0 25 0
-0.0177114408883 9296994.41228 10217875.6192 9298923.92013 10757551.0107 2458055.19548 0 25 0
-0.00426730731255 9277943.44702 10172036.6523 9280028.36565 10695097.4171 2458055.40483 0 25 0
-0.0215028303759 9314388.55839 10231285.2378 9315516.42312 10765640.7436 2458055.13645 0 25 0
0.0547945764144 9312488.297 10224266.8739 9314468.25459 10763643.1213 2458056.32449 0 25 0
-0.0391984448359 9313547.26061 10241944.1405 9315076.3455 10779431.4603 2458054.86091 0 25 0
0.0288264602969 9286167.22047 10224617.0328 9287481.50941 10783103.8305 2458055.92014 0 25 0
0.00331694599342 9275179.01559 10205965.5077 9276762.22155 10756169.1705 2458055.52292 0 25 0
0.0166986512847 9265587.19623 10153053.0269 9267394.54125 10674595.5691 2458055.73129 0 25 0
0.0217007966036 9275832.2189 10163543.3901 9277629.26377 10689283.1304 2458055.80918 0 25 0
0.000213813529998 9274110.22517 10166044.1223 9276552.45791 10687484.5986 2458055.4746 0 25 0
0.059735766763 9310991.82701 10212154.4 9313258.98785 10750373.2969 2458056.40143 0 25 0
-0.0264440438113 9307153.07466 10233131.8717 9309309.20517 10774080.446 2458055.05951 0 25 0
-0.0132303147825 9276954.01353 10184301.298 9279293.15407 10719774.7 2458055.26526 0 25 0
-0.0309251851689 9310374.48561 10282948.5116 9312301.49082 10866668.8688 2458054.98973 0 25 0
0.0373293859098 9304544.11545 10233203.6423 9306781.78817 10784903.4155 2458056.05254 0 25 0
0.0122791997303 9277862.19203 10187936.4525 9279694.43938 10721552.4938 2458055.66248 0 25 0
0.0387073848156 9307406.63716 10207627.7549 9309297.02026 10748171.3925 2458056.07399 0 25 0
-0.0165631186047 9292477.58175 10187854.8328 9294070.69371 10711301.864 2458055.21337 0 25 0
0.0335372628754 9306616.97266 10229921.4338 9308564.16152 10780599.0262 2458055.99349 0 25 0
0.0467509835009 9303516.45903 10192447.3978 9305119.68801 10710852.6652 2458056.19924 0 25 0
0.0554835668359 9304225.2163 10199722.8628 9305542.06646 10729107.7398 2458056.33522 0 25 0
-0.0430344146809 9302427.56491 10207707.0301 9304195.0205 10729381.0228 2458054.80118 0 25 0
0.0200931191019 9265987.81246 10211946.003 9268775.25385 10785916.4954 2458055.78415 0 25 0
-0.0380500908228 9326369.36793 10225588.0212 9327482.4621 10744262.5398 2458054.87879 0 25 0
-0.0250660444869 9330295.20645 10230477.2756 9332628.78693 10753658.0688 2458055.08096 0 25 0
-0.00564533752917 9254382.48151 10279327.1527 9255847.12119 10925956.6508 2458055.38337 0 25 0
0.0418105135409 9303543.69252 10212395.5329 9305599.0159 10745712.1942 2458056.12231 0 25 0
0.0639872294349 9313182.75318 10206094.0856 9314639.94946 10733620.4694 2458056.46763 0 25 0
0.0380183986407 9308151.28206 10210222.186 9310142.9503 10741609.4725 2458056.06327 0 25 0
0.0339965954552 9310182.44753 10188412.4784 9311889.2781 10698403.4479 2458056.00064 0 25 0
-0.00989680020109 9257318.70181 10258772.1095 9260023.91076 10880828.4175 2458055.31717 0 25 0
-0.0340275482589 9316036.34686 10227861.2282 9317559.91831 10761614.4774 2458054.94142 0 25 0
0.0599654473327 9304919.498 10188284.3132 9307534.12456 10710819.6569 2458056.40501 0 25 0
-0.0293175076074 9322019.1376 10206278.7911 9323433.76997 10714699.2687 2458055.01476 0 25 0
0.0207821255227 9267042.70403 10169871.3873 9268457.21785 10705845.9294 2458055.79488 0 25 0
-0.0423454113403 9314443.22879 10196883.2715 9315912.73804 10699938.8321 2458054.8119 0 25 0
-0.0389687562217 9312626.97637 10249182.0142 9314870.01776 10803326.2799 2458054.86448 0 25 0
0.0295154733268 9298616.63393 10198919.1214 9300530.77158 10728855.8908 2458055.93086 0 25 0
0.00308726772643 9272585.06282 10221222.3012 9274277.39332 10786741.5199 2458055.51935 0 25 0
0.0169283113393 9271106.53354 10173363.5451 9272932.22709 10712776.1843 2458055.73487 0 25 0
-0.0184004635776 9283520.96408 10316192.7892 9285297.71736 10966159.55 2458055.18476 0 25 0
0.0512321041042 9308979.56767 10206285.6179 9310801.83439 10739899.2748 2458056.26902 0 25 0
0.00472616141894 9104612.76014 9968472.66287 9097083.5646 10504425.6518 2458055.54487 0 25 0
-0.00495631480996 9277118.4201 10220292.0643 9279248.07483 10789397.3707 2458055.3941 0 25 0
0.00848708130131 9284192.63037 10177738.4048 9285962.73087 10697678.3238 2458055.60343 0 25 0
0.0429588357348 9307621.33901 10196226.9116 9309270.65384 10722356.4339 2458056.14019 0 25 0
-0.0224215098302 9316716.2622 10279780.9873 9319078.11121 10854781.7781 2458055.12214 0 25 0
-0.0344868927709 9319526.716 10229564.2092 9321536.44437 10754543.3534 2458054.93427 0 25 0
0.0259529966504 9275300.73528 10161620.6717 9277241.55505 10687738.7635 2458055.87539 0 25 0
0.0413511820676 9294352.5864 10240504.3894 9295791.74284 10805517.2938 2458056.11516 0 25 0
0.0635279120171 9313535.01287 10201366.2449 9315550.47859 10720221.7215 2458056.46048 0 25 0
-0.00897811452641 9279135.7522 10182337.596 9281252.72442 10710012.4407 2458055.33147 0 25 0
0.0330779231183 9304392.91603 10217156.4111 9306424.3116 10752275.7163 2458055.98634 0 25 0
-0.0300065057444 9325104.83165 10225933.9712 9327033.5607 10745745.1505 2458055.00404 0 25 0
-0.0179411179292 9296874.00697 10248226.1223 9298041.81156 10817569.1997 2458055.19191 0 25 0
-0.0434937435824 9295983.06545 10240263.7012 9296863.45215 10798603.2077 2458054.79402 0 25 0
-0.000704851838993 9275486.12537 10182373.087 9278041.0191 10714276.1029 2458055.4603 0 25 0
-0.025755042594 9320030.68229 10229966.7017 9322937.10932 10762072.7681 2458055.07024 0 25 0
0.0503134387352 9305531.99044 10216104.2218 9307693.00647 10754896.9477 2458056.25471 0 25 0
0.0588171014239 9306620.45429 10217618.4688 9309294.62877 10757090.835 2458056.38713 0 25 0
-0.0217325036786 9318468.89742 10225665.3136 9320277.74077 10750516.6524 2458055.13287 0 25 0
0.0545649133991 9306712.36974 10250286.2755 9308769.24666 10824068.3369 2458056.32091 0 25 0
0.0290561370088 9292843.29302 10193875.3955 9294976.52469 10715822.6872 2458055.92371 0 25 0
-0.0394281115295 9305035.18836 10244692.2246 9307201.84843 10792810.7567 2458054.85733 0 25 0
0.0164689777726 9264935.55802 10187625.3881 9267128.51914 10748048.1369 2458055.72772 0 25 0
0.00354661113198 9271909.96711 10193905.0944 9274103.41891 10742306.0594 2458055.5265 0 25 0
0.00710905141364 9249411.24055 10227295.0161 9251355.24652 10825139.7278 2458055.58197 0 25 0
0.0462916393477 9302694.22218 10190943.527 9305001.45824 10710531.7972 2458056.19209 0 25 0
-0.00449697849197 9275854.76333 10164127.5133 9277497.27561 10676654.8385 2458055.40125 0 25 0
-0.0134599780968 9281038.11669 10194950.4333 9282959.74644 10731457.8478 2458055.26169 0 25 0
-0.0306955069318 9315473.93959 10261184.4646 9317073.66648 10818279.7935 2458054.99331 0 25 0
0.0375590507494 9308041.94418 10214294.0277 9310325.41573 10742368.1215 2458056.05611 0 25 0
0.000443470384791 9279986.48085 10158882.4152 9281563.47094 10668607.683 2458055.47818 0 25 0
0.024115651827 9247712.20583 10235579.0609 9249670.44799 10837722.4011 2458055.84678 0 25 0
0.0595061089213 9305498.59524 10192936.7983 9307546.94642 10714836.425 2458056.39785 0 25 0
0.0510024462625 9304643.57176 10212573.7713 9306261.23198 10756604.4781 2458056.26544 0 25 0
-0.0266737220484 9316911.75153 10284191.6 9318481.20629 10857752.9089 2458055.05593 0 25 0
0.00897762438991 8770746.29455 9734222.47156 8620549.62369 10065360.1479 2458055.61107 0 25 0
0.0424995207393 9313182.68325 10215080.8678 9314698.20361 10746945.131 2458056.13304 0 25 0
-0.0378204339381 9321938.29813 10229149.9984 9323945.75194 10761773.2303 2458054.88236 0 25 0
0.0252640104754 9276941.89424 10170669.5559 9278481.25029 10692383.5804 2458055.86466 0 25 0
0.020322797339 9266958.02124 10200251.7783 9268715.78322 10760144.3539 2458055.78772 0 25 0
0.0557132355332 9307896.3832 10202033.7629 9309334.00687 10732613.9193 2458056.3388 0 25 0
0.0469806413426 9309376.24515 10189378.8488 9311562.20313 10703657.8052 2458056.20282 0 25 0
0.00446527650097 9274620.19556 10178077.8143 9276593.35296 10714584.4445 2458055.5408 0 25 0
-0.0428047531908 9310520.57151 10221678.1029 9312384.12374 10753195.6752 2458054.80475 0 25 0
-0.00116419524454 9272784.55104 10224568.2767 9274512.8204 10796366.9786 2458055.45315 0 25 0
-0.0167927754595 9288787.78049 10190904.9363 9291206.26118 10721248.9668 2458055.20979 0 25 0
0.0120495366851 9278996.96357 10220828.4269 9281055.50014 10786740.5601 2458055.6589 0 25 0
-0.00943744268025 9280423.28736 10241843.8202 9282165.99542 10826637.2972 2458055.32432 0 25 0
-0.00518597970928 9274040.02195 10225621.2476 9275959.17564 10801001.4105 2458055.39052 0 25 0
0.0453729537029 9282279.41265 10294497.347 9284380.02282 10925533.6204 2458056.17778 0 25 0
0.00779807377399 9282065.87336 10210886.9648 9283462.96046 10760579.2729 2458055.5927 0 25 0
0.0176173072036 9269970.82385 10169722.9551 9272381.98545 10714233.2974 2458055.7456 0 25 0
0.0297451326338 9302073.56747 10198095.3441 9304031.58717 10726227.8521 2458055.93444 0 25 0
-0.0385094320452 9319325.73046 10222554.0075 9321237.88958 10746589.9655 2458054.87164 0 25 0
0.0538758788673 9276143.35456 10266091.7256 9278036.58861 10880419.689 2458056.31019 0 25 0
-0.020813844171 9318577.80262 10212524.7619 9320487.7245 10732301.0586 2458055.14718 0 25 0
-0.0295471644621 9319518.62187 10227474.9135 9321989.5228 10760227.2819 2458055.01119 0 25 0
0.0628388990171 9297266.66732 10249875.7939 9299655.95127 10831230.6685 2458056.44975 0 25 0
0.0210117985264 9265353.05168 10162031.1084 9267053.71609 10692205.7791 2458055.79845 0 25 0
0.0127385442424 9276829.70345 10178556.0209 9278059.6075 10707921.8556 2458055.66963 0 25 0
0.0382480582767 9309662.16363 10197828.8294 9311991.17054 10716414.2454 2458056.06684 0 25 0
-0.0139193331056 9284899.57658 10241117.6893 9286955.88714 10815768.2957 2458055.25453 0 25 0
-0.012311655544 9285938.1609 10181353.2673 9288045.04283 10704984.1875 2458055.27957 0 25 0
-0.0337978904172 9325835.53436 10211107.2967 9327757.94444 10717961.6724 2458054.945 0 25 0
-1.58443116707e-05 9275834.60264 10173816.0971 9278005.16874 10700250.5794 2458055.47103 0 25 0
0.0245749974455 9271009.16666 10205321.7695 9272796.51313 10759808.6419 2458055.85394 0 25 0
0.0583577699506 9297494.81855 10263490.3112 9299833.87046 10858190.6485 2458056.37997 0 25 0
0.0496244161356 9278008.16005 10293125.8581 9280080.90153 10937606.0278 2458056.24399 0 25 0
-0.0302361668458 9320693.92111 10239705.6754 9322677.8317 10774720.6061 2458055.00046 0 25 0
0.0302044595017 9314501.52394 10203924.7454 9316728.21818 10729743.7584 2458055.94159 0 25 0
-0.0172521167418 9289465.18232 10192050.8121 9291470.60262 10718836.3608 2458055.20264 0 25 0
0.0115901936086 9269561.90055 10214589.4777 9271717.99714 10778896.0769 2458055.65175 0 25 0
0.0632982509157 9314093.60214 10221679.1769 9316155.44789 10756372.487 2458056.4569 0 25 0
0.0411214909114 9285367.28396 10240459.3455 9286611.31342 10805545.2517 2458056.11158 0 25 0
-0.00874844149285 9278546.1548 10175868.5826 9280656.00765 10699797.6374 2458055.33505 0 25 0
-0.0221918315633 9314513.99219 10267500.2429 9315732.7378 10833622.8141 2458055.12572 0 25 0
0.0550242496872 9305530.12919 10198740.2687 9307679.088 10725746.4496 2458056.32807 0 25 0
0.0257233398255 9270375.80532 10157292.5998 9272466.98623 10685110.3378 2458055.87182 0 25 0
-0.0351758992515 9309057.04822 10260728.7683 9310547.18077 10819640.4656 2458054.92354 0 25 0
0.0212414697058 9268004.48813 10163049.3273 9270182.90318 10697483.596 2458055.80203 0 25 0
0.0507727869555 9302534.81403 10206819.0338 9304770.25272 10744277.7806 2458056.26187 0 25 0
0.0592764493153 9305932.87495 10199755.6171 9307601.95734 10726850.5368 2458056.39428 0 25 0
-0.0127709824419 9282549.36908 10193487.4283 9284446.59488 10731891.1349 2458055.27241 0 25 0
0.0368700399923 9273391.14453 10256905.277 9275746.11534 10863638.0484 2458056.04538 0 25 0
0.045832311164 9301084.48163 10234419.511 9302746.70359 10789213.9897 2458056.18494 0 25 0
0.0073387306675 9267843.53534 10202014.5839 9270293.99372 10754643.5791 2458055.58555 0 25 0
-0.00380799228713 9279324.07943 10177077.4089 9281619.97191 10708549.8239 2458055.41198 0 25 0
0.0543352366573 9304266.06138 10253041.9546 9306109.59261 10827860.3818 2458056.31734 0 25 0
-0.0210435013548 9324901.56094 10211995.6064 9326089.24051 10721610.4454 2458055.1436 0 25 0
0.00377627414726 9273538.26801 10193585.6165 9274295.48711 10739780.3127 2458055.53007 0 25 0
0.0162393023466 9264007.0141 10170042.8525 9265356.77021 10706218.3606 2458055.72414 0 25 0
-0.0396577789409 9290346.67012 10257868.0038 9292534.09579 10827234.5274 2458054.85375 0 25 0
0.0250343375017 9272359.14382 10176217.7683 9274263.32904 10706683.9719 2458055.86109 0 25 0
-0.0354055785054 9297638.37363 10308286.5817 9300221.1278 10926886.4152 2458054.91997 0 25 0
-0.0255253713847 9326510.35297 10211856.4915 9328709.07164 10717341.5429 2458055.07381 0 25 0
-0.0082891121727 9282628.13479 10169870.5479 9284348.5817 10684382.8315 2458055.3422 0 25 0
0.00871673947194 9280144.85297 10177485.275 9281867.65515 10704296.4381 2458055.607 0 25 0
0.0422698614322 9305965.62603 10202331.5051 9307690.16896 10727557.1114 2458056.12947 0 25 0
-0.0170224452035 9284207.69804 10190558.3615 9286083.24669 10722193.6134 2458055.20621 0 25 0
0.0118198718456 9275499.93236 10194182.0308 9277730.42572 10733754.1162 2458055.65532 0 25 0
-0.00920777754169 9279575.75384 10221536.5519 9282256.54138 10787748.8606 2458055.3279 0 25 0
0.0337669361482 9313522.67466 10216621.4804 9315056.74919 10747200.1293 2458055.99707 0 25 0
0.058128102599 9280591.11578 10251622.4747 9282960.4549 10846715.3221 2458056.3764 0 25 0
0.0472102985263 9305549.5063 10202467.0475 9307931.88193 10737661.0818 2458056.20639 0 25 0
-0.0425750816525 9309540.47284 10222138.949 9311314.24359 10755626.5498 2458054.80833 0 25 0
-0.0013938745283 9256020.93648 10220479.5058 9257746.16364 10804209.0876 2458055.44957 0 25 0
0.0173876385063 9276455.0144 10173763.4018 9277789.14684 10711250.3059 2458055.74202 0 25 0
0.0299747908044 9301507.55395 10193309.8494 9303285.36496 10718803.0846 2458055.93802 0 25 0
0.0514617609291 9316235.93881 10212437.7208 9318726.12466 10746602.5751 2458056.27259 0 25 0
-0.00541565791645 9269462.72152 10217848.9589 9271657.88126 10785679.0208 2458055.38695 0 25 0
0.0456026448292 9297114.22234 10229397.6514 9299288.24169 10785635.1556 2458056.18136 0 25 0
0.00802773711823 9276522.84719 10184780.8489 9278014.40057 10717049.3354 2458055.59627 0 25 0
0.0129682020541 9278131.90072 10169225.6805 9280193.70847 10688769.4115 2458055.6732 0 25 0
-0.0136896548685 9276601.9781 10219385.3677 9278591.26986 10784936.3735 2458055.25811 0 25 0
0.0384777279608 9312480.95358 10217540.2446 9314189.58895 10757832.5586 2458056.07042 0 25 0
0.0344559223531 9313332.3838 10191764.9642 9314959.74692 10703698.1664 2458056.00779 0 25 0
-0.0125413123988 9283816.03207 10174423.9106 9285697.38798 10692628.4576 2458055.27599 0 25 0
-0.0335682335624 9322275.71122 10212021.221 9324043.94989 10723741.8425 2458054.94858 0 25 0
-0.0297768345052 9319571.91916 10204942.6287 9321624.06345 10712673.4508 2458055.00761 0 25 0
0.0626092326524 9303006.20072 10254555.2558 9304889.22624 10831131.2172 2458056.44617 0 25 0
0.0326185771708 9276038.93966 10260464.7279 9277473.4969 10862594.7721 2458055.97918 0 25 0
-0.0304658298909 9326238.04831 10236428.527 9328096.27852 10760909.3201 2458054.99688 0 25 0
-0.0174817778431 9284838.14834 10175938.6462 9286693.00873 10689805.1496 2458055.19906 0 25 0
0.0243453311107 9269139.18882 10217473.6018 9270888.10118 10781540.15 2458055.85036 0 25 0
-0.000245515491099 9279837.88542 10173988.3701 9281684.51247 10696601.5504 2458055.46745 0 25 0
0.0585874366143 9307664.02529 10242363.491 9309714.91212 10802224.0262 2458056.38355 0 25 0
0.0498541075609 9299997.5415 10262230.2644 9301564.3103 10849261.3439 2458056.24756 0 25 0
-0.0219621667237 9316626.02683 10244059.3825 9317724.70847 10787174.6323 2458055.1293 0 25 0
0.0552539089942 9303338.49763 10183443.9576 9305072.28403 10696520.9664 2458056.33164 0 25 0
-0.0349462206855 9315306.2581 10236948.271 9317022.95615 10768282.1944 2458054.92712 0 25 0
0.0254936701114 9275898.27281 10155255.9808 9277415.2043 10667337.2127 2458055.86824 0 25 0
0.0630685641257 9298559.87 10225514.5379 9301010.68761 10782369.3368 2458056.45333 0 25 0
-0.00851877031342 9289980.79567 10175298.6486 9292073.06189 10686983.1805 2458055.33863 0 25 0
-0.0130006536512 9282905.66743 10173690.2182 9284854.915 10691655.2212 2458055.26884 0 25 0
-0.0311548525803 9294220.58489 10307279.3788 9295575.63201 10928028.9725 2458054.98615 0 25 0
0.037099719276 9303015.24117 10265168.118 9304464.52437 10848926.3509 2458056.04896 0 25 0
0.0214711278765 9274195.86147 10177990.9699 9276350.17287 10720824.2064 2458055.8056 0 25 0
0.0505431017505 9299683.44837 10193310.4157 9301074.89731 10715906.3542 2458056.25829 0 25 0
-0.0262143670396 9316088.22033 10242286.9968 9318358.35753 10784199.6565 2458055.06308 0 25 0
0.0590467882139 9300950.47728 10214480.4084 9302881.42025 10759199.927 2458056.3907 0 25 0
0.0541055700235 9298619.96812 10311459.0658 9300416.23019 10952537.1793 2458056.31376 0 25 0
-0.0212731591964 9315875.51502 10211900.3777 9318060.57771 10731709.3919 2458055.14002 0 25 0
0.0160096367296 9240788.86644 10151016.9013 9242919.24778 10691208.9763 2458055.72056 0 25 0
0.00400594715091 9282014.32147 10181454.1825 9284317.58966 10708384.4847 2458055.53365 0 25 0
0.0285967939322 9278805.36761 10214095.7921 9280822.49921 10767755.3438 2458055.91656 0 25 0
0.0460619760334 9306436.64463 10215378.1184 9308420.03355 10750699.1003 2458056.18851 0 25 0
0.00756840893448 9271223.15119 10203701.7598 9273121.51056 10756204.1454 2458055.58912 0 25 0
-0.00403764947088 9283851.84768 10186027.0439 9286121.06882 10718273.5148 2458055.4084 0 25 0
