0 2458056.19567 1 265.125 0.0 0.0
1 2458054.7976 1 295.16 -2.32523250469 -0.164711338273
2 2458055.45672 1 324.654 4.09008133092 -0.0939003416007
3 2458055.66605 1 272.151 4.86829884596 -0.0945846299962
4 2458055.25096 1 518.454 2.8315893879 -0.0952199160516
5 2458055.98991 1 297.498 1.42419774058 -0.010754449909
6 2458055.34578 1 256.332 0.443411009283 -0.117399487739
7 2458056.12589 1 290.058 0.914877582309 -0.002058457547
8 2458056.47121 1 256.46 -2.12767124641 -0.00396646978669
9 2458055.78057 1 415.328 1.03176504036 0.0254549581947
10 2458054.87521 1 259.275 -2.99071849654 -0.149944425478
11 2458055.85751 1 300.356 1.90235271716 -0.00460199098784
12 2458055.07739 1 257.979 -2.49797292642 -0.141117617094
13 2458056.4426 1 409.913 2.02339543025 0.0202928167929
14 2458055.05236 1 416.624 2.05514902666 -0.112458324067
15 2458054.81548 1 255.71 -5.94653002122 -0.165800985395
16 2458055.7913 1 293.552 1.43005409491 -0.00370665453233
17 2458056.05969 1 288.518 0.958790091951 -0.00956381765915
18 2458055.67727 5 254.787 138.286980083 1.1845950414
19 2458055.32074 1 397.892 2.86269544835 -0.0960749474832
20 2458054.93785 1 264.713 0.361203671612 -0.144364768993
21 2458056.00422 1 258.161 -2.00236842527 -0.0182754600144
22 2458055.39767 1 295.838 3.12946700467 -0.10130657508
23 2458055.59985 1 272.066 3.57046322727 -0.0959060590541
24 2458056.13662 1 258.425 -2.53217644208 -0.0129644223071
25 2458055.92729 1 288.658 1.05666917874 -0.00985458846936
26 2458054.86806 1 286.505 -1.61112118147 -0.144847589314
27 2458055.73844 1 259.689 -2.18923266448 -0.0078780590117
28 2458055.51577 1 402.47 4.26623102382 -0.0788932680052
29 2458055.18833 1 346.763 2.82022639885 -0.111679927108
30 2458056.11874 0 316.578 1.27519770759 0.00139053713559
31 2458056.46406 1 262.293 -0.601834280479 -0.00368867589125
32 2458055.11857 1 391.466 2.57431750259 -0.109963281554
33 2458055.53723 1 263.02 1.86842745918 -0.101846670828
34 2458055.91298 1 424.221 0.884079759277 0.0147837635023
35 2458054.93069 1 298.646 0.359905706311 -0.146656720585
36 2458054.79045 1 339.439 -1.84740963739 -0.163471454443
37 2458055.46387 1 294.213 4.03546266275 -0.0945437096944
38 2458056.25114 1 322.562 0.98733988642 0.0041460205415
39 2458055.06666 1 286.721 1.32684629595 -0.128549079531
40 2458055.98276 1 349.578 2.2961134332 0.00155740643329
41 2458055.64817 1 375.283 5.30367061214 -0.0830800765551
42 2458055.19548 1 300.215 1.85947241409 -0.116729874219
43 2458055.40483 1 260.409 1.03181151672 -0.108137942457
44 2458055.13645 1 264.308 0.271041360743 -0.128591227713
45 2458056.32449 1 290.925 0.691990139196 -0.00693731306964
46 2458054.86091 1 315.847 -1.46832950267 -0.143213204224
47 2458055.92014 1 311.836 2.05751528233 -1.77061713619e-08
48 2458055.52292 1 314.214 5.38424591722 -0.0895253873842
49 2458055.73129 1 273.052 0.952787379782 -0.00399201499541
50 2458055.80918 1 256.217 -2.87426247186 -0.0107151835918
51 2458055.4746 1 257.127 1.37530286333 -0.103838739251
52 2458056.40143 1 258.352 -1.9390494155 -0.0118679412717
53 2458055.05951 1 318.083 2.30248241005 -0.122340181497
54 2458055.26526 1 291.482 2.01805619098 -0.104062175251
55 2458054.98973 1 349.456 1.5974767015 -0.133310565023
56 2458056.05254 1 318.263 2.53511901217 -6.17142938141e-08
57 2458055.66248 1 288.359 5.14277338602 -0.0952769701274
58 2458056.07399 1 257.253 -2.63049958425 -0.0131487974159
59 2458055.21337 1 257.034 -2.39099160068 -0.130135559018
60 2458055.99349 1 285.559 1.63290270833 -0.0119105744494
61 2458056.19924 1 261.909 -2.09195514567 -0.0106526798057
62 2458056.33522 1 259.523 -2.87588668789 -0.0150433728706
63 2458054.80118 1 286.753 -3.28466062664 -0.164243190918
64 2458055.78415 1 354.434 2.11601896158 0.0143110943079
65 2458054.87879 1 257.746 -4.105577896 -0.153305194109
66 2458055.08096 1 254.385 -2.61417622543 -0.14190748116
67 2458055.38337 1 424.934 4.19046581857 -0.0835933067551
68 2458056.12231 1 301.043 0.776631123748 -0.002679271152
69 2458056.46763 1 259.461 -1.83275175388 -0.00936598054098
70 2458056.06327 1 266.453 1.20388490656 -0.00777039878839
71 2458056.00064 1 263.423 -1.70547809672 -0.0204539716853
72 2458055.31717 1 452.681 3.06476207513 -0.0915580206913
73 2458054.94142 1 259.743 -2.414298665 -0.151379577534
74 2458056.40501 1 257.66 -2.956226255 -0.0111944014022
75 2458055.01476 1 255.149 -3.61602212172 -0.151212903411
76 2458055.79488 1 287.622 1.01279675786 -0.00279293504806
77 2458054.8119 1 258.632 -5.51047200387 -0.170549189046
78 2458054.86448 1 297.669 -1.25520793217 -0.143050242349
79 2458055.93086 1 264.414 0.939455369221 -0.00485744146129
80 2458055.51935 1 332.736 5.49767725825 -0.0852441210968
81 2458055.73487 1 262.379 -1.02739079506 -0.00816168674848
82 2458055.18476 1 465.463 2.80427773355 -0.101326963512
83 2458056.26902 1 259.919 -3.20311688771 -0.0100571130077
84 2458055.54487 1 256.524 73.0226913457 0.66687895006
85 2458055.3941 1 321.686 3.60738540703 -0.10201138506
86 2458055.60343 1 262.377 2.46998628795 -0.105893092651
87 2458056.14019 1 257.003 -2.66830366774 -0.0135797584962
88 2458055.12214 1 335.705 2.32804688151 -0.116744276585
89 2458054.93427 1 289.55 0.186676619373 -0.145163641732
90 2458055.87539 1 257.537 -2.46701884322 -0.011808368968
91 2458056.11516 1 336.491 1.00691671121 0.0110358049813
92 2458056.46048 1 270.971 0.603897643364 -0.00131768787092
93 2458055.33147 1 295.561 1.985050476 -0.107524268811
94 2458055.98634 1 319.461 1.88021783799 -0.00441437509039
95 2458055.00404 1 265.788 0.236429574301 -0.141229668037
96 2458055.19191 1 316.538 1.90743455005 -0.118477896669
97 2458054.79402 2 315.958 -1.49750430602 -0.166460706282
98 2458055.4603 1 310.055 3.8615101712 -0.0938912896041
99 2458055.07024 1 266.066 0.383394693034 -0.134357049447
100 2458056.25471 1 300.03 1.23570107203 -0.0028481699548
101 2458056.38713 1 312.926 1.41330514869 -0.00524074043955
102 2458055.13287 1 290.711 1.58939798924 -0.125245310813
103 2458056.32091 1 310.456 1.09291245653 -0.00330083678633
104 2458055.92371 1 301.01 1.17831090392 -0.0114770626552
105 2458054.85733 1 327.171 -1.22388616035 -0.137095618104
106 2458055.72772 1 290.964 1.70641794177 -0.00203506633511
107 2458055.5265 1 305.949 4.41861760147 -0.0961713762211
108 2458055.58197 1 382.629 5.09467787083 -0.0752056912012
109 2458056.19209 1 287.783 -0.776487206797 -0.0062002867218
110 2458055.40125 1 260.788 3.19485974636 -0.102150571659
111 2458055.26169 1 307.409 1.69131346513 -0.10844012938
112 2458054.99331 1 319.057 0.912520461529 -0.139441598425
113 2458056.05611 1 303.588 1.35577905857 -0.00768534446585
114 2458055.47818 1 255.999 1.03654720343 -0.101002632775
115 2458055.84678 1 391.964 2.45908001911 0.0246907571923
116 2458056.39785 1 263.015 0.0001 -0.00647100635475
117 2458056.26544 1 261.274 -2.34782457782 -0.00873411926495
118 2458055.05593 1 349.067 1.73682110875 -0.121890537379
119 2458055.61107 31 257.062 -107.649852121 -0.793513172732
120 2458056.13304 1 263.621 0.0375548556091 -0.0122746021728
121 2458054.88236 1 255.013 -4.56081848751 -0.150969382393
122 2458055.86466 1 265.64 1.33661789117 -0.00474559631059
123 2458055.78772 1 310.685 1.76281326501 0.00802461538178
124 2458056.3388 1 257.595 -3.71830640621 -0.0120040991049
125 2458056.20282 1 258.47 -2.06922641851 -0.0119473816597
126 2458055.5408 1 257.042 0.912897840063 -0.102665687558
127 2458054.80475 1 272.29 -2.63880087358 -0.164444276558
128 2458055.45315 1 345.524 4.72009662563 -0.0907308367723
129 2458055.20979 1 255.16 -1.83207520279 -0.130220642195
130 2458055.6589 1 300.271 5.43984893746 -0.0921808362602
131 2458055.32432 1 346.366 2.81871123049 -0.10550726659
132 2458055.39052 1 340.345 3.4084813521 -0.100329363157
133 2458056.17778 1 432.707 1.25472283541 0.0216431629542
134 2458055.5927 1 298.442 4.70745057002 -0.0966381605845
135 2458055.7456 1 260.781 -2.10755722901 -0.00238974597797
136 2458055.93444 1 261.835 -1.69360600331 -0.0151907865863
137 2458054.87164 1 266.179 -1.69875775169 -0.145068236016
138 2458056.31019 1 441.654 0.651797227903 0.0185587811746
139 2458055.14718 1 255.067 -2.93709601529 -0.138251478854
140 2458055.01119 1 258.148 -2.95341117286 -0.15359408096
141 2458056.44975 1 327.951 1.88534883606 0.00395862961877
142 2458055.79845 1 268.075 0.893565302859 0.000294196404758
143 2458055.66963 1 260.481 3.67816183253 -0.106125285396
144 2458056.06684 1 261.687 -1.71537093482 -0.0134893831188
145 2458055.25453 1 379.697 2.05468531637 -0.10199692456
146 2458055.27957 1 256.195 -1.92814584198 -0.118678838141
147 2458054.945 1 257.396 -3.73765594748 -0.160097823717
148 2458055.47103 1 260.251 1.69019462231 -0.104283870374
149 2458055.85394 1 320.261 2.0108961971 0.00150966168646
150 2458056.37997 1 362.882 1.72490297081 0.00675727962394
151 2458056.24399 1 478.4 1.75698940531 0.0209454294061
152 2458055.00046 1 285.344 0.689874282481 -0.142367171757
153 2458055.94159 1 256.221 -3.09339351187 -0.0160582000188
154 2458055.20264 1 265.043 1.06386188626 -0.114565721541
155 2458055.65175 1 321.024 5.72035312309 -0.0885605740992
156 2458056.4569 1 295.312 0.87243303351 -0.00339619512922
157 2458056.11158 1 389.813 2.13916804072 0.0253082995403
158 2458055.33505 1 263.019 1.08665445805 -0.10481179768
159 2458055.12572 1 315.205 2.46468734252 -0.122309866653
160 2458056.32807 1 261.422 0.431743274018 -0.00478321639782
161 2458055.87182 1 259.054 -2.16266203692 -0.0120373491182
162 2458054.92354 1 342.464 1.01649980914 -0.134915140493
163 2458055.80203 1 259.906 -1.7576262516 -0.00402279413733
164 2458056.26187 1 264.235 0.108364613165 -0.00374859056221
165 2458056.39428 1 263.982 1.24620576161 -0.00337859990111
166 2458055.27241 1 260.854 -1.63191937167 -0.115363149984
167 2458056.04538 1 410.371 1.49122661447 0.0150013386749
168 2458056.18494 1 313.373 1.13286461456 0.00397855454044
169 2458055.58555 1 337.707 5.13727059392 -0.0901932776077
170 2458055.41198 1 255.857 0.0908909757799 -0.109800699027
171 2458056.31734 1 337.319 0.610641857408 -0.000969708222159
172 2458055.1436 1 258.933 -1.7250527924 -0.134408063818
173 2458055.53007 2 294.682 3.9941350311 -0.0945867657902
174 2458055.72414 1 297.756 1.3251222097 0.000282588231652
175 2458054.85375 1 366.517 -0.645020542617 -0.129068453439
176 2458055.86109 1 286.158 1.89885067681 -0.0043953067785
177 2458054.91997 1 416.722 1.30181902532 -0.125931623017
178 2458055.07381 1 258.719 -2.30626132518 -0.140589259945
179 2458055.3422 1 256.76 0.110301078154 -0.115640869281
180 2458055.607 1 257.9 1.82473669169 -0.106757639074
181 2458056.12947 1 265.972 0.172683386584 -0.00267411966739
182 2458055.20621 1 261.643 -0.78903726147 -0.128033045121
183 2458055.65532 1 312.325 6.31006727652 -0.0936382242806
184 2458055.3279 1 315.72 2.89497786422 -0.10545348805
185 2458055.99707 1 264.18 1.01007894021 -0.0135146927316
186 2458056.3764 1 425.159 1.29542036395 0.0208821326082
187 2458056.20639 1 256.277 -3.38831635165 -0.0132501133435
188 2458054.80833 1 258.31 -3.96635459 -0.167571475799
189 2458055.44957 1 386.25 4.19067152347 -0.0784943727924
190 2458055.74202 1 256.409 -2.36081912446 -0.00800693579915
191 2458055.93802 1 255.839 -1.88923121076 -0.0159533142684
192 2458056.27259 1 256.645 -3.58282948219 -0.0116268842654
193 2458055.38695 1 357.922 3.5408693783 -0.0969208980251
194 2458056.18136 1 345.484 0.667649966828 0.00751334665597
195 2458055.59627 1 289.218 4.39930382778 -0.097326272626
196 2458055.6732 1 258.474 3.20147648818 -0.108182638112
197 2458055.25811 1 333.6 2.31938543289 -0.106235128007
198 2458056.07042 1 258.846 -2.12746427924 -0.0132125934776
199 2458056.00779 1 258.138 -2.87250256764 -0.0194876547088
200 2458055.27599 1 256.233 -1.81508548028 -0.122370322051
201 2458054.94858 1 254.583 -3.51102029662 -0.154278938154
202 2458055.00761 1 259.825 -2.22073029011 -0.151537982352
203 2458056.44617 1 348.278 1.26606671988 0.00958264666496
204 2458055.97918 1 418.779 1.66578761597 0.014797508449
205 2458054.99688 1 297.934 1.86033437547 -0.139562371694
206 2458055.19906 1 288.973 0.968977237181 -0.114092662689
207 2458055.85036 1 352.169 1.45984182017 0.00725278398915
208 2458055.46745 1 270.771 3.42871016156 -0.0959715172763
209 2458056.38355 1 332.28 1.3459218874 -0.00111428448702
210 2458056.24756 1 371.986 0.623723895734 0.00964569450218
211 2458055.1293 1 300.484 1.77554492124 -0.122559896336
212 2458056.33164 1 261.479 -1.49312274837 -0.00961032772818
213 2458054.92712 1 310.16 1.17251451567 -0.142423293178
214 2458055.86824 1 261.023 0.336224192724 -0.0100341951196
215 2458056.45333 1 307.385 1.7816780909 0.00132105898278
216 2458055.33863 1 260.601 0.493916540679 -0.112477984213
217 2458055.26884 1 262.854 1.47750786948 -0.108352500415
218 2458054.98615 1 433.567 1.54387259398 -0.124432486504
219 2458056.04896 1 348.179 1.51917629404 0.00709657502102
220 2458055.8056 1 258.835 -2.55868081734 -0.0114908757331
221 2458056.25829 1 287.274 0.87792759755 -9.24055578564e-05
222 2458055.06308 1 301.548 1.71668712852 -0.128611889923
223 2458056.3907 1 294.899 0.854186238961 -0.00430329958922
224 2458056.31376 1 386.49 0.737604767194 0.00956460735615
225 2458055.14002 1 259.676 0.281136859147 -0.133774250473
226 2458055.72056 1 309.68 1.54985355826 0.00734149229746
227 2458055.53365 1 273.294 3.97202547257 -0.09429416445
228 2458055.91656 1 352.41 1.73479589622 0.00764971302463
229 2458056.18851 1 299.277 0.941533243657 -0.00157172617057
230 2458055.58912 1 311.322 5.00470245014 -0.0927170531317
231 2458055.4084 1 258.01 1.22315147788 -0.109769839779
