0.0465213242238 9307036.14079 10211720.8721 9309321.14431 10748329.9941 2458056.19567 0 25 0
-0.0432640780551 9296642.6377 10226328.8118 9298918.19049 10774550.0731 2458054.7976 0 25 0
-0.000934516708405 9270711.33912 10215424.0001 9272772.74818 10786693.2416 2458055.45672 0 25 0
0.0125088730629 9285730.45494 10176977.7098 9287360.29564 10691622.7725 2458055.66605 0 25 0
-0.014149000487 9258938.95824 10314214.0022 9260903.5497 10996635.4763 2458055.25096 0 25 0
0.0333075879578 9305296.9317 10207674.3728 9307301.60535 10734042.0526 2458055.98991 0 25 0
-0.008059455288 9275528.51051 10177447.5304 9277583.27635 10708660.7701 2458055.34578 0 25 0
0.0420401765562 9298063.17036 10209684.6119 9300605.11979 10751207.6395 2458056.12589 0 25 0
0.0642169100345 9309394.54147 10212026.3686 9311130.17418 10754633.2495 2458056.47121 0 25 0
0.0198634398481 9243590.94257 10227771.9086 9245947.0395 10836437.5639 2458055.78057 0 25 0
-0.0382797605368 9323577.26156 10219919.2335 9325260.47622 10737503.7047 2458054.87521 0 25 0
0.0248046744864 9275537.49803 10188794.4403 9277668.44128 10725130.8952 2458055.85751 0 25 0
-0.0252957016706 9323442.79316 10227718.6225 9325844.14969 10753400.3782 2458055.07739 0 25 0
0.062379565271 9279295.36371 10274233.8374 9281643.94179 10895742.4453 2458056.4426 0 25 0
-0.0269033897588 9296351.22317 10286425.1614 9298158.88487 10883191.0894 2458055.05236 0 25 0
-0.042115754336 9320358.10341 10218176.0209 9322189.9274 10741299.5216 2458054.81548 0 25 0
0.0205524624776 9266822.13892 10168962.5572 9268660.21311 10700622.7682 2458055.7913 0 25 0
0.0377887256669 9311002.41998 10196007.2467 9312825.37449 10707295.2369 2458056.05969 0 25 0
0.0132290873011 8277064.75774 9137740.24688 8188213.32284 9590550.38362 2458055.67727 0 25 0
-0.00966712094723 9274800.80093 10282768.6964 9277149.39368 10917418.8671 2458055.32074 0 25 0
-0.0342572194383 9316443.64656 10215595.6796 9317706.40554 10731465.3343 2458054.93785 0 25 0
0.0342262532969 9307096.84779 10211792.0001 9308896.04859 10751388.0941 2458056.00422 0 25 0
-0.00472665149563 9282973.62152 10195268.2271 9284768.03329 10732455.1634 2458055.39767 0 25 0
0.00825741012188 9281760.46155 10199976.567 9282814.77456 10741865.6055 2458055.59985 0 25 0
0.0427291789099 9300258.4843 10195120.7258 9302081.82752 10727549.0945 2458056.13662 0 25 0
0.029285800353 9293613.19289 10195496.6773 9295251.38152 10722348.8312 2458055.92729 0 25 0
-0.0387390931765 9321057.05877 10230682.4524 9322814.82877 10757102.3633 2458054.86806 0 25 0
0.0171579695399 9271775.16182 10163967.0894 9273924.23422 10699878.0067 2458055.73844 0 25 0
0.00285758847258 9252475.88204 10216398.717 9254489.92097 10796819.5173 2458055.51577 0 25 0
-0.0181707961663 9292268.83391 10236506.6108 9294080.52719 10793317.2644 2458055.18833 0 25 0
0.0415808484023 9306875.75016 10252474.5234 9308120.12504 10815008.23 2458056.11874 0 25 0
0.0637575712942 9305159.8834 10213938.8885 9307189.41071 10758229.5362 2458056.46406 0 25 0
-0.0226511894131 9297220.82868 10288879.9995 9299253.65355 10887761.8223 2458055.11857 0 25 0
0.0042356186593 9282486.71744 10190882.9609 9284557.01534 10731621.0761 2458055.53723 0 25 0
0.0283671146783 9255653.23194 10246222.5494 9258020.41302 10855366.3344 2458055.91298 0 25 0
-0.0347165557862 9316987.13393 10255595.5509 9318782.76595 10809420.722 2458054.93069 0 25 0
-0.0437234339311 9258628.41067 10200169.2252 9260221.90653 10749841.9553 2458054.79045 0 25 0
-0.000475188823709 9278586.76638 10201670.6505 9280566.32959 10750844.6002 2458055.46387 0 25 0
0.0500837739256 9298675.38847 10222037.9337 9300260.94383 10771168.3006 2458056.25114 0 25 0
-0.0259847037253 9314130.91173 10214748.3406 9316380.00924 10732308.5587 2458055.06666 0 25 0
0.0328482567536 9302218.03641 10266865.6796 9304270.02769 10849677.6291 2458055.98276 0 25 0
0.0113605140257 9249767.72558 10207145.1322 9251859.847 10781947.9985 2458055.64817 0 25 0
-0.0177114408883 9296994.55398 10217867.5393 9298923.92013 10757551.0107 2458055.19548 0 25 0
-0.00426730731255 9277943.44816 10172036.5458 9280028.36565 10695097.4171 2458055.40483 0 25 0
-0.0215028303759 9314388.92617 10231290.8752 9315516.42312 10765640.7436 2458055.13645 0 25 0
0.0547945764144 9312488.43338 10224269.5329 9314468.25459 10763643.1213 2458056.32449 0 25 0
-0.0391984448359 9313546.34302 10241951.6232 9315076.3455 10779431.4603 2458054.86091 0 25 0
0.0288264602969 9286167.75527 10224622.3338 9287481.50941 10783103.8305 2458055.92014 0 25 0
0.00331694599342 9275179.8168 10205958.9131 9276762.22155 10756169.1705 2458055.52292 0 25 0
0.0166986512847 9265587.29725 10153055.6152 9267394.54125 10674595.5691 2458055.73129 0 25 0
0.0217007966036 9275832.09959 10163543.8746 9277629.26377 10689283.1304 2458055.80918 0 25 0
0.000213813529998 9274110.33977 10166042.0275 9276552.45791 10687484.5986 2458055.4746 0 25 0
0.059735766763 9310991.22881 10212158.1558 9313258.98785 10750373.2969 2458056.40143 0 25 0
-0.0264440438113 9307153.43834 10233122.88 9309309.20517 10774080.446 2458055.05951 0 25 0
-0.0132303147825 9276954.6443 10184310.6891 9279293.15407 10719774.7 2458055.26526 0 25 0
-0.0309251851689 9310375.26912 10282961.2645 9312301.49082 10866668.8688 2458054.98973 0 25 0
0.0373293859098 9304544.31469 10233208.5151 9306781.78817 10784903.4155 2458056.05254 0 25 0
0.0122791997303 9277862.30518 10187934.6631 9279694.43938 10721552.4938 2458055.66248 0 25 0
0.0387073848156 9307407.75194 10207622.6013 9309297.02026 10748171.3925 2458056.07399 0 25 0
-0.0165631186047 9292477.65272 10187854.3644 9294070.69371 10711301.864 2458055.21337 0 25 0
0.0335372628754 9306616.82943 10229918.076 9308564.16152 10780599.0262 2458055.99349 0 25 0
0.0467509835009 9303516.00106 10192450.5789 9305119.68801 10710852.6652 2458056.19924 0 25 0
0.0554835668359 9304225.60056 10199720.5167 9305542.06646 10729107.7398 2458056.33522 0 25 0
-0.0430344146809 9302427.54099 10207707.1182 9304195.0205 10729381.0228 2458054.80118 0 25 0
0.0200931191019 9265987.8113 10211945.9657 9268775.25385 10785916.4954 2458055.78415 0 25 0
-0.0380500908228 9326371.27574 10225581.8643 9327482.4621 10744262.5398 2458054.87879 0 25 0
-0.0250660444869 9330296.3331 10230472.1348 9332628.78693 10753658.0688 2458055.08096 0 25 0
-0.00564533752917 9254382.59965 10279331.6964 9255847.12119 10925956.6508 2458055.38337 0 25 0
0.0418105135409 9303543.86479 10212400.1559 9305599.0159 10745712.1942 2458056.12231 0 25 0
0.0639872294349 9313181.62702 10206099.5203 9314639.94946 10733620.4694 2458056.46763 0 25 0
0.0380183986407 9308151.48632 10210230.2051 9310142.9503 10741609.4725 2458056.06327 0 25 0
0.0339965954552 9310182.20923 10188414.3414 9311889.2781 10698403.4479 2458056.00064 0 25 0
-0.00989680020109 9257318.70993 10258770.231 9260023.91076 10880828.4175 2458055.31717 0 25 0
-0.0340275482589 9316035.41083 10227868.4689 9317559.91831 10761614.4774 2458054.94142 0 25 0
0.0599654473327 9304918.86034 10188286.915 9307534.12456 10710819.6569 2458056.40501 0 25 0
-0.0293175076074 9322019.544 10206276.0588 9323433.76997 10714699.2687 2458055.01476 0 25 0
0.0207821255227 9267042.96334 10169874.6306 9268457.21785 10705845.9294 2458055.79488 0 25 0
-0.0423454113403 9314444.95455 10196878.5737 9315912.73804 10699938.8321 2458054.8119 0 25 0
-0.0389687562217 9312626.43173 10249186.0874 9314870.01776 10803326.2799 2458054.86448 0 25 0
0.0295154733268 9298616.86747 10198927.9053 9300530.77158 10728855.8908 2458055.93086 0 25 0
0.00308726772643 9272585.2087 10221219.8018 9274277.39332 10786741.5199 2458055.51935 0 25 0
0.0169283113393 9271106.35918 10173373.523 9272932.22709 10712776.1843 2458055.73487 0 25 0
-0.0184004635776 9283520.48495 10316186.631 9285297.71736 10966159.55 2458055.18476 0 25 0
0.0512321041042 9308980.51944 10206281.3188 9310801.83439 10739899.2748 2458056.26902 0 25 0
0.00472616141894 9104759.85255 9968634.58796 9097083.5646 10504425.6518 2458055.54487 0 25 0
-0.00495631480996 9277118.22388 10220298.5017 9279248.07483 10789397.3707 2458055.3941 0 25 0
0.00848708130131 9284192.63971 10177741.916 9285962.73087 10697678.3238 2458055.60343 0 25 0
0.0429588357348 9307621.21839 10196227.4376 9309270.65384 10722356.4339 2458056.14019 0 25 0
-0.0224215098302 9316716.11657 10279783.7822 9319078.11121 10854781.7781 2458055.12214 0 25 0
-0.0344868927709 9319526.71558 10229569.3328 9321536.44437 10754543.3534 2458054.93427 0 25 0
0.0259529966504 9275300.83734 10161620.1204 9277241.55505 10687738.7635 2458055.87539 0 25 0
0.0413511820676 9294352.61874 10240510.1804 9295791.74284 10805517.2938 2458056.11516 0 25 0
0.0635279120171 9313534.19789 10201356.4161 9315550.47859 10720221.7215 2458056.46048 0 25 0
-0.00897811452641 9279135.54035 10182333.2687 9281252.72442 10710012.4407 2458055.33147 0 25 0
0.0330779231183 9304392.72321 10217152.4048 9306424.3116 10752275.7163 2458055.98634 0 25 0
-0.0300065057444 9325104.92616 10225936.4991 9327033.5607 10745745.1505 2458055.00404 0 25 0
-0.0179411179292 9296873.70532 10248218.0262 9298041.81156 10817569.1997 2458055.19191 0 25 0
-0.0434937435824 9295982.33196 10240266.7279 9296863.45215 10798603.2077 2458054.79402 0 25 0
-0.000704851838993 9275485.98241 10182364.2385 9278041.0191 10714276.1029 2458055.4603 0 25 0
-0.025755042594 9320030.52132 10229959.971 9322937.10932 10762072.7681 2458055.07024 0 25 0
0.0503134387352 9305532.5708 10216115.3818 9307693.00647 10754896.9477 2458056.25471 0 25 0
0.0588171014239 9306620.51217 10217619.6645 9309294.62877 10757090.835 2458056.38713 0 25 0
-0.0217325036786 9318468.60771 10225659.6508 9320277.74077 10750516.6524 2458055.13287 0 25 0
0.0545649133991 9306712.31853 10250284.2769 9308769.24666 10824068.3369 2458056.32091 0 25 0
0.0290561370088 9292843.24313 10193872.5351 9294976.52469 10715822.6872 2458055.92371 0 25 0
-0.0394281115295 9305047.1688 10244582.7983 9307201.84843 10792810.7567 2458054.85733 0 25 0
0.0164689777726 9264935.51913 10187631.5006 9267128.51914 10748048.1369 2458055.72772 0 25 0
0.00354661113198 9271909.99077 10193901.1387 9274103.41891 10742306.0594 2458055.5265 0 25 0
0.00710905141364 9249411.22047 10227295.1779 9251355.24652 10825139.7278 2458055.58197 0 25 0
0.0462916393477 9302697.47727 10190866.7107 9305001.45824 10710531.7972 2458056.19209 0 25 0
-0.00449697849197 9275854.7607 10164126.7408 9277497.27561 10676654.8385 2458055.40125 0 25 0
-0.0134599780968 9281038.14462 10194948.7125 9282959.74644 10731457.8478 2458055.26169 0 25 0
-0.0306955069318 9315473.84423 10261182.1878 9317073.66648 10818279.7935 2458054.99331 0 25 0
0.0375590507494 9308041.99795 10214294.6834 9310325.41573 10742368.1215 2458056.05611 0 25 0
0.000443470384791 9279986.52766 10158883.9504 9281563.47094 10668607.683 2458055.47818 0 25 0
0.024115651827 9247712.24912 10235580.7651 9249670.44799 10837722.4011 2458055.84678 0 25 0
0.0595061089213 9305498.59524 10192936.7983 9307546.94642 10714836.425 2458056.39785 0 25 0
0.0510024462625 9304643.32716 10212574.9418 9306261.23198 10756604.4781 2458056.26544 0 25 0
-0.0266737220484 9316911.56373 10284188.4331 9318481.20629 10857752.9089 2458055.05593 0 25 0
0.00897762438991 8776006.83103 9738774.25484 8620549.62369 10065360.1479 2458055.61107 0 25 0
0.0424995207393 9313182.65701 10215080.4154 9314698.20361 10746945.131 2458056.13304 0 25 0
-0.0378204339381 9321940.39207 10229144.8918 9323945.75194 10761773.2303 2458054.88236 0 25 0
0.0252640104754 9276941.8296 10170668.2928 9278481.25029 10692383.5804 2458055.86466 0 25 0
0.020322797339 9266958.09292 10200255.1065 9268715.78322 10760144.3539 2458055.78772 0 25 0
0.0557132355332 9307896.95822 10202029.8604 9309334.00687 10732613.9193 2458056.3388 0 25 0
0.0469806413426 9309376.799 10189374.1451 9311562.20313 10703657.8052 2458056.20282 0 25 0
0.00446527650097 9274620.67303 10178084.5136 9276593.35296 10714584.4445 2458055.5408 0 25 0
-0.0428047531908 9310519.59741 10221686.579 9312384.12374 10753195.6752 2458054.80475 0 25 0
-0.00116419524454 9272784.89945 10224564.7365 9274512.8204 10796366.9786 2458055.45315 0 25 0
-0.0167927754595 9288787.3016 10190907.7298 9291206.26118 10721248.9668 2458055.20979 0 25 0
0.0120495366851 9278997.24469 10220823.5691 9281055.50014 10786740.5601 2458055.6589 0 25 0
-0.00943744268025 9280423.23245 10241850.5837 9282165.99542 10826637.2972 2458055.32432 0 25 0
-0.00518597970928 9274039.69658 10225629.1305 9275959.17564 10801001.4105 2458055.39052 0 25 0
0.0453729537029 9282277.98854 10294481.6696 9284380.02282 10925533.6204 2458056.17778 0 25 0
0.00779807377399 9282065.85181 10210890.4909 9283462.96046 10760579.2729 2458055.5927 0 25 0
0.0176173072036 9269968.69782 10169731.1985 9272381.98545 10714233.2974 2458055.7456 0 25 0
0.0297451326338 9302073.27586 10198097.4428 9304031.58717 10726227.8521 2458055.93444 0 25 0
-0.0385094320452 9319325.36417 10222558.8275 9321237.88958 10746589.9655 2458054.87164 0 25 0
0.0538758788673 9276143.46959 10266096.3134 9278036.58861 10880419.689 2458056.31019 0 25 0
-0.020813844171 9318578.7143 10212513.8715 9320487.7245 10732301.0586 2458055.14718 0 25 0
-0.0295471644621 9319519.91044 10227470.5092 9321989.5228 10760227.2819 2458055.01119 0 25 0
0.0628388990171 9297266.84213 10249879.8788 9299655.95127 10831230.6685 2458056.44975 0 25 0
0.0210117985264 9265352.50101 10162020.6614 9267053.71609 10692205.7791 2458055.79845 0 25 0
0.0127385442424 9276829.63887 10178558.3419 9278059.6075 10707921.8556 2458055.66963 0 25 0
0.0382480582767 9309663.2393 10197821.5848 9311991.17054 10716414.2454 2458056.06684 0 25 0
-0.0139193331056 9284899.12118 10241113.3739 9286955.88714 10815768.2957 2458055.25453 0 25 0
-0.012311655544 9285939.35474 10181346.4619 9288045.04283 10704984.1875 2458055.27957 0 25 0
-0.0337978904172 9325836.15959 10211104.643 9327757.94444 10717961.6724 2458054.945 0 25 0
-1.58443116707e-05 9275834.76965 10173820.9749 9278005.16874 10700250.5794 2458055.47103 0 25 0
0.0245749974455 9271009.25739 10205317.8317 9272796.51313 10759808.6419 2458055.85394 0 25 0
0.0583577699506 9297495.09246 10263497.2766 9299833.87046 10858190.6485 2458056.37997 0 25 0
0.0496244161356 9278008.22024 10293128.3188 9280080.90153 10937606.0278 2458056.24399 0 25 0
-0.0302361668458 9320693.9469 10239706.2308 9322677.8317 10774720.6061 2458055.00046 0 25 0
0.0302044595017 9314501.87963 10203922.6385 9316728.21818 10729743.7584 2458055.94159 0 25 0
-0.0172521167418 9289465.32128 10192055.7421 9291470.60262 10718836.3608 2458055.20264 0 25 0
0.0115901936086 9269563.20365 10214581.2454 9271717.99714 10778896.0769 2458055.65175 0 25 0
0.0632982509157 9314093.57343 10221678.4617 9316155.44789 10756372.487 2458056.4569 0 25 0
0.0411214909114 9285367.09713 10240457.3884 9286611.31342 10805545.2517 2458056.11158 0 25 0
-0.00874844149285 9278546.38449 10175875.3508 9280656.00765 10699797.6374 2458055.33505 0 25 0
-0.0221918315633 9314514.1391 10267502.4186 9315732.7378 10833622.8141 2458055.12572 0 25 0
0.0550242496872 9305530.0429 10198756.1227 9307679.088 10725746.4496 2458056.32807 0 25 0
0.0257233398255 9270376.71469 10157288.2813 9272466.98623 10685110.3378 2458055.87182 0 25 0
-0.0351758992515 9309057.60245 10260735.9512 9310547.18077 10819640.4656 2458054.92354 0 25 0
0.0212414697058 9268004.33531 10163050.3727 9270182.90318 10697483.596 2458055.80203 0 25 0
0.0507727869555 9302535.67314 10206829.607 9304770.25272 10744277.7806 2458056.26187 0 25 0
0.0592764493153 9305933.04954 10199762.6531 9307601.95734 10726850.5368 2458056.39428 0 25 0
-0.0127709824419 9282548.75943 10193492.1071 9284446.59488 10731891.1349 2458055.27241 0 25 0
0.0368700399923 9273391.49572 10256909.477 9275746.11534 10863638.0484 2458056.04538 0 25 0
0.045832311164 9301084.81833 10234426.4877 9302746.70359 10789213.9897 2458056.18494 0 25 0
0.0073387306675 9267843.87342 10202011.8461 9270293.99372 10754643.5791 2458055.58555 0 25 0
-0.00380799228713 9279324.35902 10177081.0831 9281619.97191 10708549.8239 2458055.41198 0 25 0
0.0543352366573 9304266.76292 10253050.1536 9306109.59261 10827860.3818 2458056.31734 0 25 0
-0.0210435013548 9324902.73939 10211987.4731 9326089.24051 10721610.4454 2458055.1436 0 25 0
0.00377627414726 9273538.50104 10193582.9272 9274295.48711 10739780.3127 2458055.53007 0 25 0
0.0162393023466 9264007.23275 10170045.4341 9265356.77021 10706218.3606 2458055.72414 0 25 0
-0.0396577789409 9290345.8537 10257874.4174 9292534.09579 10827234.5274 2458054.85375 0 25 0
0.0250343375017 9272359.17854 10176220.2161 9274263.32904 10706683.9719 2458055.86109 0 25 0
-0.0354055785054 9297638.30806 10308285.3418 9300221.1278 10926886.4152 2458054.91997 0 25 0
-0.0255253713847 9326510.3682 10211856.3058 9328709.07164 10717341.5429 2458055.07381 0 25 0
-0.0082891121727 9282627.99442 10169867.0331 9284348.5817 10684382.8315 2458055.3422 0 25 0
0.00871673947194 9280144.84989 10177484.1624 9281867.65515 10704296.4381 2458055.607 0 25 0
0.0422698614322 9305966.25028 10202343.3615 9307690.16896 10727557.1114 2458056.12947 0 25 0
-0.0170224452035 9284206.98234 10190566.4903 9286083.24669 10722193.6134 2458055.20621 0 25 0
0.0118198718456 9275500.9649 10194177.5604 9277730.42572 10733754.1162 2458055.65532 0 25 0
-0.00920777754169 9279575.58786 10221527.9177 9282256.54138 10787748.8606 2458055.3279 0 25 0
0.0337669361482 9313522.74508 10216623.853 9315056.74919 10747200.1293 2458055.99707 0 25 0
0.058128102599 9280591.30321 10251626.8561 9282960.4549 10846715.3221 2458056.3764 0 25 0
0.0472102985263 9305550.39143 10202464.0098 9307931.88193 10737661.0818 2458056.20639 0 25 0
-0.0425750816525 9309539.68847 10222141.932 9311314.24359 10755626.5498 2458054.80833 0 25 0
-0.0013938745283 9256020.97387 10220478.4979 9257746.16364 10804209.0876 2458055.44957 0 25 0
0.0173876385063 9276455.67013 10173759.6428 9277789.14684 10711250.3059 2458055.74202 0 25 0
0.0299747908044 9301508.15626 10193306.2059 9303285.36496 10718803.0846 2458055.93802 0 25 0
0.0514617609291 9316236.81829 10212432.2045 9318726.12466 10746602.5751 2458056.27259 0 25 0
-0.00541565791645 9269462.56593 10217851.6318 9271657.88126 10785679.0208 2458055.38695 0 25 0
0.0456026448292 9297115.10458 10229412.518 9299288.24169 10785635.1556 2458056.18136 0 25 0
0.00802773711823 9276523.25898 10184775.8596 9278014.40057 10717049.3354 2458055.59627 0 25 0
0.0129682020541 9278131.89437 10169228.7136 9280193.70847 10688769.4115 2458055.6732 0 25 0
-0.0136896548685 9276601.52839 10219393.0787 9278591.26986 10784936.3735 2458055.25811 0 25 0
0.0384777279608 9312481.46741 10217538.2139 9314189.58895 10757832.5586 2458056.07042 0 25 0
0.0344559223531 9313331.73781 10191768.8695 9314959.74692 10703698.1664 2458056.00779 0 25 0
-0.0125413123988 9283815.86308 10174425.7956 9285697.38798 10692628.4576 2458055.27599 0 25 0
-0.0335682335624 9322275.66268 10212021.4804 9324043.94989 10723741.8425 2458054.94858 0 25 0
-0.0297768345052 9319572.11645 10204941.3723 9321624.06345 10712673.4508 2458055.00761 0 25 0
0.0626092326524 9303006.35133 10254558.2263 9304889.22624 10831131.2172 2458056.44617 0 25 0
0.0326185771708 9276039.12864 10260467.5528 9277473.4969 10862594.7721 2458055.97918 0 25 0
-0.0304658298909 9326237.80849 10236424.1079 9328096.27852 10760909.3201 2458054.99688 0 25 0
-0.0174817778431 9284838.17042 10175938.9563 9286693.00873 10689805.1496 2458055.19906 0 25 0
0.0243453311107 9269139.1616 10217469.376 9270888.10118 10781540.15 2458055.85036 0 25 0
-0.000245515491099 9279837.86637 10173989.8031 9281684.51247 10696601.5504 2458055.46745 0 25 0
0.0585874366143 9307663.9359 10242358.5829 9309714.91212 10802224.0262 2458056.38355 0 25 0
0.0498541075609 9299997.80529 10262235.4333 9301564.3103 10849261.3439 2458056.24756 0 25 0
-0.0219621667237 9316626.00582 10244056.3232 9317724.70847 10787174.6323 2458055.1293 0 25 0
0.0552539089942 9303338.46904 10183444.31 9305072.28403 10696520.9664 2458056.33164 0 25 0
-0.0349462206855 9315306.80168 10236960.3964 9317022.95615 10768282.1944 2458054.92712 0 25 0
0.0254936701114 9275898.50161 10155262.7662 9277415.2043 10667337.2127 2458055.86824 0 25 0
0.0630685641257 9298559.90759 10225517.6088 9301010.68761 10782369.3368 2458056.45333 0 25 0
-0.00851877031342 9289980.81693 10175295.3163 9292073.06189 10686983.1805 2458055.33863 0 25 0
-0.0130006536512 9282905.64967 10173691.3971 9284854.915 10691655.2212 2458055.26884 0 25 0
-0.0311548525803 9294220.99351 10307286.7121 9295575.63201 10928028.9725 2458054.98615 0 25 0
0.037099719276 9303015.014 10265177.9837 9304464.52437 10848926.3509 2458056.04896 0 25 0
0.0214711278765 9274196.05349 10177989.7151 9276350.17287 10720824.2064 2458055.8056 0 25 0
0.0505431017505 9299682.85619 10193303.0066 9301074.89731 10715906.3542 2458056.25829 0 25 0
-0.0262143670396 9316088.56444 10242292.2742 9318358.35753 10784199.6565 2458055.06308 0 25 0
0.0590467882139 9300950.89943 10214493.714 9302881.42025 10759199.927 2458056.3907 0 25 0
0.0541055700235 9298620.17778 10311461.6882 9300416.23019 10952537.1793 2458056.31376 0 25 0
-0.0212731591964 9315875.60214 10211902.5263 9318060.57771 10731709.3919 2458055.14002 0 25 0
0.0160096367296 9240788.81646 10151020.5761 9242919.24778 10691208.9763 2458055.72056 0 25 0
0.00400594715091 9282014.41111 10181452.7054 9284317.58966 10708384.4847 2458055.53365 0 25 0
0.0285967939322 9278805.29408 10214091.7648 9280822.49921 10767755.3438 2458055.91656 0 25 0
0.0460619760334 9306436.17312 10215372.2825 9308420.03355 10750699.1003 2458056.18851 0 25 0
0.00756840893448 9271223.59858 10203696.1102 9273121.51056 10756204.1454 2458055.58912 0 25 0
-0.00403764947088 9283852.08971 10186034.4415 9286121.06882 10718273.5148 2458055.4084 0 25 0
