2458054.85375 -0.000495670400728
2458054.86091 -0.000237133696024
2458054.86448 -0.000456589941489
2458054.86806 0.000341080744415
2458054.87164 -6.95965625168e-06
2458054.87521 0.000397358318383
2458054.87879 0.000293089210844
2458054.88236 -5.81170110435e-05
2458054.91997 4.52277730651e-05
2458054.92354 -0.000504224135887
2458054.92712 3.80038726322e-05
2458054.93069 0.00015564507244
2458054.93427 1.43863683106e-05
2458054.93785 -0.000368861319785
2458054.94142 -0.000381069323515
2458054.945 0.000363579060284
2458054.94858 -0.000217405434019
2458054.98615 0.000120085776397
2458054.98973 -0.000140328470516
2458054.99331 0.000131698927306
2458054.99688 0.000803755759083
2458055.00046 0.000187255050507
2458055.00404 0.000528790531621
2458055.00761 -6.82981548459e-05
2458055.01119 -0.000314850241208
2458055.01476 0.000106881638651
2458055.05236 0.000322012175235
2458055.05593 0.000193914324771
2458055.05951 -0.000788748534077
2458055.06308 4.14914794586e-05
2458055.06666 -0.00043056410335
2458055.07024 9.6022459242e-05
2458055.07381 0.000553828646147
2458055.07739 2.36884119637e-05
2458055.08096 0.000517751121004
2458055.11857 0.000574493375692
2458055.12214 0.00027517999723
2458055.12572 1.0791556052e-07
2458055.1293 -2.52840346773e-05
2458055.13287 -9.97948596982e-05
2458055.13645 -0.000619054556436
2458055.14002 -0.000258249889533
2458055.1436 0.000376226235426
2458055.14718 -0.000410504656753
2458055.18476 0.000617456849693
2458055.18833 -0.000419913889085
2458055.19191 0.000187622408275
2458055.19548 0.000130239289239
2458055.19906 -0.000579371578198
2458055.20264 -7.98982239021e-06
2458055.20621 -0.000305045875029
2458055.20979 -0.000223115348448
2458055.21337 0.000258838599497
2458055.25096 0.000270220953197
2458055.25453 0.000689006207139
2458055.25811 -0.000144320955103
2458055.26169 -0.000187686852652
2458055.26526 -0.000280090906283
2458055.26884 -6.17341757356e-05
2458055.27241 6.8534509209e-05
2458055.27599 2.9591603291e-05
2458055.27957 0.000245135843544
2458055.31717 6.78715632599e-05
2458055.32074 0.000278229288969
2458055.32432 0.000311064413612
2458055.3279 -0.000122643677378
2458055.33147 3.3647646129e-05
2458055.33505 -7.13183885395e-05
2458055.33863 0.000821070703116
2458055.3422 -4.1369077062e-05
2458055.34578 -0.000825852543979
2458055.38337 0.000123353025973
2458055.38695 -0.000434581570738
2458055.39052 -0.000251192854944
2458055.3941 5.07928831048e-05
2458055.39767 0.000472685812296
2458055.40125 -0.000769068616987
2458055.40483 -0.000220183191242
2458055.4084 0.000476318047078
2458055.41198 -0.000164328596141
2458055.44957 0.000403901717764
2458055.45315 4.95203485262e-05
2458055.45672 -0.000120093394809
2458055.4603 -0.000272151179263
2458055.46387 0.000278832343501
2458055.46745 0.000133363982752
2458055.47103 -0.000535019970026
2458055.4746 -0.00069120445898
2458055.47818 -0.000114177116083
2458055.51577 -2.42376915384e-05
2458055.51935 5.96303541186e-05
2458055.52292 -7.42686113792e-05
2458055.5265 -0.000503115553398
2458055.53007 -0.000300674455751
2458055.53365 0.00017936756242
2458055.53723 0.00054141881308
2458055.5408 -0.000354217909135
2458055.58197 -0.000187951753869
2458055.58555 -0.000347245515912
2458055.58912 -0.000384032806186
2458055.5927 0.000603800534098
2458055.59627 -6.1984786201e-05
2458055.59985 0.000168321952607
2458055.60343 0.000494429629592
2458055.607 0.000236781530517
2458055.64817 -0.000436646912332
2458055.65175 -0.000351917802668
2458055.65532 0.000123225704024
2458055.6589 0.000332364828798
2458055.66248 -0.000104381796681
2458055.66605 0.000664039066718
2458055.66963 -0.000322966933784
2458055.6732 -0.000191049127789
2458055.72414 2.01012003238e-05
2458055.72772 0.000135531325214
2458055.73129 -0.000427745814059
2458055.73487 0.000221376739287
2458055.73844 0.000600349614955
2458055.74202 0.000646063645345
2458055.7456 9.35223996369e-05
2458055.78057 -0.000303834328314
2458055.78415 0.000313875832589
2458055.78772 2.20672573816e-05
2458055.7913 -0.000215955779423
2458055.79488 -3.04712329778e-05
2458055.79845 -0.000966578797554
2458055.80203 -0.000559461586049
2458055.8056 0.000179635707057
2458055.80918 0.000256977000818
2458055.84678 0.000207659954986
2458055.85036 0.000521961429726
2458055.85394 0.000124669798254
2458055.85751 0.000156356369785
2458055.86109 -0.000114304472321
2458055.86466 0.000198718914855
2458055.86824 5.76703638065e-05
2458055.87182 -0.000602505393805
2458055.87539 -0.000121712199823
2458055.91298 -0.000139517477151
2458055.91656 -0.000185872730825
2458055.92014 -3.13417353662e-05
2458055.92371 7.4362783159e-05
2458055.92729 -0.000128913155687
2458055.93086 6.39114339181e-05
2458055.93444 -2.3944705404e-05
2458055.93802 -0.000425887775558
2458055.94159 0.000614350690087
2458055.97918 -0.000645229979639
2458055.98276 -0.000137942124876
2458055.98634 -0.000146576071669
2458055.98991 -0.000146486118756
2458055.99349 -1.47225653048e-05
2458055.99707 0.000216831287627
2458056.00064 0.000126426635648
2458056.00422 -0.000103760695854
2458056.00779 0.000372495616131
2458056.04538 -0.000879151317211
2458056.04896 0.000166365008499
2458056.05254 0.000234781091813
2458056.05611 0.000246093292103
2458056.05969 0.000676216412379
2458056.06327 -3.45706417957e-05
2458056.06684 -0.000159967993586
2458056.07042 0.000417516392998
2458056.07399 -0.000302284496481
2458056.11158 0.000308899846592
2458056.11516 -0.000264560776222
2458056.11874 0.000190334146664
2458056.12231 -5.85211158854e-06
2458056.12589 -0.000755635026803
2458056.12947 9.07183352684e-06
2458056.13304 0.000567365625106
2458056.13662 -0.000692225913939
2458056.14019 -8.88759020108e-05
2458056.17778 -1.3705166138e-05
2458056.18136 -0.000100948128646
2458056.18494 0.000301333907155
2458056.18851 -7.20856696939e-05
2458056.19209 1.73094496431e-06
2458056.19567 -4.92368255334e-05
2458056.19924 -0.000123020087636
2458056.20282 0.000122440345159
2458056.20639 -0.000225808980444
2458056.24399 0.000185474196134
2458056.24756 -5.12195213655e-05
2458056.25114 -0.000227452053783
2458056.25471 2.65697202677e-05
2458056.25829 -0.000615153438904
2458056.26187 -0.000216046319194
2458056.26544 -0.000398277949815
2458056.26902 0.000459180459445
2458056.27259 0.000637675233827
2458056.31019 2.5188815484e-05
2458056.31376 -3.6331223517e-05
2458056.31734 0.000297151412191
2458056.32091 0.000417278852659
2458056.32449 0.000697544060713
2458056.32807 -0.000116034712532
2458056.33164 -0.000516172996687
2458056.33522 -0.000182825129909
2458056.3388 5.9727763877e-05
2458056.3764 0.000107788798615
2458056.37997 -2.16938742184e-05
2458056.38355 0.000585524114405
2458056.38713 0.000134957657058
2458056.3907 -0.000287866423724
2458056.39428 5.90814225036e-05
2458056.39785 -5.26806936192e-05
2458056.40143 0.000207560333789
2458056.40501 -0.000293791690694
2458056.4426 -4.51765922875e-05
2458056.44617 0.000313086088734
2458056.44975 -0.00042293158437
2458056.45333 -0.000883433866226
2458056.4569 0.000873449064688
2458056.46048 0.000382016532968
2458056.46406 -0.000312992419396
2458056.46763 0.000584985624239
2458056.47121 -0.000193458353751
