2458054.85375 -0.000375834676228
2458054.85733 -0.000811339278554
2458054.86091 -0.000170144512479
2458054.86448 -0.000560998822983
2458054.86806 0.000326289014853
2458054.87164 -9.6738865398e-05
2458054.87521 0.0003375878525
2458054.87879 0.000573096788471
2458054.88236 -2.17526670126e-05
2458054.91997 0.000364009955286
2458054.92354 -0.000444153103386
2458054.92712 -7.20833226447e-05
2458054.93069 -0.000194003455509
2458054.93427 8.79223341318e-05
2458054.93785 -0.000478644910457
2458054.94142 -0.000516920055864
2458054.945 0.000423794632501
2458054.94858 -6.51759998695e-05
2458054.98615 -7.39798542657e-06
2458054.98973 -0.000316422420412
2458054.99331 -2.65191089245e-05
2458054.99688 0.00080923622163
2458055.00046 0.000214015453708
2458055.00404 0.000475557298616
2458055.00761 -0.000155672686087
2458055.01119 -0.00022461074917
2458055.01476 -6.88075115475e-05
2458055.05236 0.000315460839608
2458055.05593 0.00048576297682
2458055.05951 -0.00080397869078
2458055.06308 -0.000174110981804
2458055.06666 -0.000382032750146
2458055.07024 -1.37385175976e-05
2458055.07381 0.000691786264379
2458055.07739 0.000297332165046
2458055.08096 0.000869762644875
2458055.11857 0.000408779193769
2458055.12214 0.000488892698765
2458055.12572 -2.61373967727e-05
2458055.1293 -6.55955622646e-05
2458055.13287 0.000100285044096
2458055.13645 -0.000565684826228
2458055.14002 -0.000473318427959
2458055.1436 0.00048810463836
2458055.14718 -0.000346878178213
2458055.18476 0.000571612306808
2458055.18833 -0.000234662451959
2458055.19191 0.000313984079343
2458055.19548 0.000359333671223
2458055.19906 -0.000623345489898
2458055.20264 -0.000121512472662
2458055.20621 -0.000584773702224
2458055.20979 -6.27513959832e-05
2458055.21337 0.000245943496468
2458055.25096 7.82400351953e-05
2458055.25453 0.000902204814149
2458055.25811 -0.000240536143948
2458055.26169 -3.04621419315e-05
2458055.26526 -0.000429773078058
2458055.26884 -3.33542780238e-05
2458055.27241 -3.78400279416e-05
2458055.27599 -1.57181264335e-05
2458055.27957 0.000111667660603
2458055.31717 0.000207685297714
2458055.32074 0.000111430391193
2458055.32432 0.00041576740598
2458055.3279 4.59698592296e-05
2458055.33147 5.95012146688e-06
2458055.33505 -0.000229439737679
2458055.33863 0.000938108409843
2458055.3422 6.94882979713e-05
2458055.34578 -0.000874228097361
2458055.38337 7.25488790778e-05
2458055.38695 -0.000360583796573
2458055.39052 -0.000109628879773
2458055.3941 -8.2015852301e-05
2458055.39767 0.000565702671624
2458055.40125 -0.000444600134006
2458055.40483 -0.000218492176574
2458055.4084 0.00033359110627
2458055.41198 -0.000270631511702
2458055.44957 0.000374812906223
2458055.45315 9.27659212706e-05
2458055.45672 -0.000357496586064
2458055.4603 -0.000118309548406
2458055.46387 0.000195409434846
2458055.46745 0.00010091182842
2458055.47103 -0.00036929567052
2458055.4746 -0.000604655895723
2458055.47818 -8.69873373365e-05
2458055.51577 1.96790706279e-05
2458055.51935 0.000133295054162
2458055.52292 0.000156637156198
2458055.5265 -0.000516129137788
2458055.53007 -0.000320562246524
2458055.53365 0.000360018715402
2458055.53723 0.000390145181856
2458055.5408 -0.00050029183243
2458055.58197 -0.00029776447006
2458055.58555 -0.000413498645064
2458055.58912 -0.000288565284117
2458055.5927 0.000563875760286
2458055.59627 -4.15712320277e-05
2458055.59985 0.000326050264078
2458055.60343 0.000508325311499
2458055.607 1.7547900019e-05
2458055.64817 -0.000370599067374
2458055.65175 -0.000257957134128
2458055.65532 9.16329446259e-05
2458055.6589 0.000223237384093
2458055.66248 6.63137848086e-05
2458055.66605 0.000689708810617
2458055.66963 -0.000363284398516
2458055.6732 -0.000297111660447
2458055.72414 0.000104335371937
2458055.72772 -5.46175898538e-05
2458055.73129 -0.000270507920658
2458055.73487 0.0003318516758
2458055.73844 0.000201974358229
2458055.74202 0.000690141476013
2458055.7456 -3.35724826853e-05
2458055.78057 6.26533570217e-06
2458055.78415 0.000315373780603
2458055.78772 0.00014113556352
2458055.7913 -0.000276055138812
2458055.79488 -0.000250120665832
2458055.79845 -0.000645539076835
2458055.80203 -0.000340910943699
2458055.8056 0.000200823319364
2458055.80918 0.000226134105625
2458055.84678 0.000158069629392
2458055.85036 0.000356834174161
2458055.85394 0.000244791679545
2458055.85751 0.000368475837881
2458055.86109 -4.73434515738e-06
2458055.86466 0.000243809019083
2458055.86824 7.19040914914e-05
2458055.87182 -0.000554059187365
2458055.87539 -0.000195829694024
2458055.91298 -0.000242837806089
2458055.91656 -9.69020134637e-05
2458055.92014 8.19229550789e-05
2458055.92371 0.000118087628609
2458055.92729 -9.5639213653e-05
2458055.93086 -3.42787849336e-05
2458055.93444 2.97200774609e-05
2458055.93802 -0.000348103813094
2458055.94159 0.000715249319624
2458055.97918 -0.000569624459586
2458055.98276 0.000141447956541
2458055.98634 0.000111421186465
2458055.98991 -0.000125363058458
2458055.99349 -1.20629975041e-05
2458055.99707 0.000497287628634
2458056.00064 0.000144242072165
2458056.00422 -0.000221221295433
2458056.00779 0.00030797217757
2458056.04538 -0.000836143526424
2458056.04896 0.00031965783937
2458056.05254 0.000162002358236
2458056.05611 0.000214215536201
2458056.05969 0.000516292107587
2458056.06327 -1.64451887567e-05
2458056.06684 0.00017054269851
2458056.07042 0.000423915051175
2458056.07399 -0.000260651962546
2458056.11158 0.000549562791423
2458056.11516 -0.000542797757244
2458056.11874 0.000480705707253
2458056.12231 -0.000186883277799
2458056.12589 -0.000784680904264
2458056.12947 -0.000153070538187
2458056.13304 0.000516172991986
2458056.13662 -0.000860699433747
2458056.14019 -0.000227446016608
2458056.17778 0.000223356317343
2458056.18136 -0.000255508709396
2458056.18494 -9.66449740966e-05
2458056.18851 0.000144022711773
2458056.19209 -0.000257667100743
2458056.19567 8.94356987406e-06
2458056.19924 -0.000421411475447
2458056.20282 0.000129280122403
2458056.20639 -0.000408298958
2458056.24399 -0.000244729114832
2458056.24756 9.29992382632e-05
2458056.25114 -0.000333629220292
2458056.25471 4.02081661643e-05
2458056.25829 -0.000559119993785
2458056.26187 -0.000500143091761
2458056.26544 -0.000256532962505
2458056.26902 0.000159015594938
2458056.27259 0.000778042335055
2458056.31019 -0.000416499435219
2458056.31376 -4.26955053686e-05
2458056.31734 0.000245619419219
2458056.32091 0.000184264527656
2458056.32449 0.000771399199008
2458056.32807 -0.000181911397287
2458056.33164 -0.000416344730892
2458056.33522 -0.000395333443097
2458056.3388 -9.90589271223e-05
2458056.3764 8.34577440675e-05
2458056.37997 -0.000205959817054
2458056.38355 0.000603377152438
2458056.38713 0.000162950476083
2458056.3907 -0.000428354630675
2458056.39428 -0.00013256194298
2458056.39785 -0.000182896680396
2458056.40143 0.000351516823601
2458056.40501 -0.000417138046914
2458056.4426 -6.63240338827e-05
2458056.44617 0.000449795290114
2458056.44975 -0.000461148123309
2458056.45333 -0.000630010704164
2458056.4569 0.00101179848457
2458056.46048 0.000745537360006
2458056.46406 -0.000151400854231
2458056.46763 0.000628471524158
2458056.47121 0.000129484198243
