2458054.79045 9258628.41067 3193.77037766 -0.0448715676375 -0.0956900299596
2458054.79402 9295982.33196 3200.04167596 -0.0370958936071 -0.0986792817986
2458054.7976 9296642.6377 3197.8631634 -0.0554898535775 -0.0969299137896
2458054.80118 9302427.54099 3194.95025285 -0.0768104785097 -0.0964617664346
2458054.80475 9310519.59741 3197.13724744 -0.0624580395528 -0.0966628520746
2458054.80833 9309539.68847 3197.20845927 -0.0919592332511 -0.0997900513156
2458054.8119 9314444.95455 3193.2551689 -0.126272953559 -0.102767764563
2458054.81548 9320358.10341 3196.58818444 -0.135963131723 -0.0980195609116
2458054.85375 9290345.8537 3202.79166001 -0.0181518099759 -0.0612870289556
2458054.85733 9305047.1688 3200.71598214 -0.03101549037 -0.0693141936206
2458054.86091 9313546.34302 3200.3049266 -0.0364475646437 -0.0754317797406
2458054.86448 9312626.43173 3201.4350044 -0.0317115297437 -0.0752688178656
2458054.86806 9321057.05877 3198.54380186 -0.0396207130615 -0.0770661648306
2458054.87164 9319325.36417 3197.2736554 -0.0415681923997 -0.0772868115326
2458054.87521 9323577.26156 3196.8608405 -0.0702784311742 -0.0821630009946
2458054.87879 9326371.27574 3197.74637273 -0.0950530844955 -0.0855237696256
2458054.88236 9321940.39207 3198.30343961 -0.105169542085 -0.0831879579096
2458054.91997 9297638.30806 3210.65185621 0.0251112915338 -0.0581501985336
2458054.92354 9309057.60245 3203.23835379 0.0187708645076 -0.0671337160096
2458054.92712 9315306.80168 3199.52502669 0.022237857986 -0.0746418686946
2458054.93069 9316987.13393 3202.43587772 0.00417988444474 -0.0788752961016
2458054.93427 9319526.71558 3198.369793 0.000330349179446 -0.0773822172486
2458054.93785 9316443.64656 3196.1845503 0.00420872811809 -0.0765833445096
2458054.94142 9316035.41083 3198.10388651 -0.0574691015844 -0.0835981530506
2458054.945 9325836.15959 3195.48191092 -0.0868770411951 -0.0923163992336
2458054.94858 9322275.66268 3195.62536609 -0.0818406933982 -0.0864975136706
2458054.98615 9294220.99351 3210.49633423 0.0304902597263 -0.0566510620206
2458054.98973 9310375.26912 3206.70567164 0.0316814621156 -0.0655291405396
2458054.99331 9315473.84423 3203.30800701 0.0164602123385 -0.0716601739416
2458054.99688 9326237.80849 3199.44121807 0.0375227437594 -0.0717809472106
2458055.00046 9320693.9469 3199.95409823 0.0115125194707 -0.0745857472736
2458055.00404 9325104.92616 3197.80182299 0.00143597040007 -0.0734482435536
2458055.00761 9319572.11645 3194.51739271 -0.0531675821424 -0.0837565578686
2458055.01119 9319519.91044 3198.04166783 -0.0694493795368 -0.0858126564766
2458055.01476 9322019.544 3194.72628856 -0.0841740672893 -0.0834314789276
2458055.05236 9296351.22317 3207.24572825 0.0418519582303 -0.0446768995836
2458055.05593 9316911.56373 3206.89701006 0.0347780044989 -0.0541091128956
2458055.05951 9307153.43834 3198.92526952 0.0473482556389 -0.0545587570136
2458055.06308 9316088.56444 3200.3581478 0.034330582716 -0.0608304654396
2458055.06666 9314130.91173 3196.05199279 0.0256674531034 -0.0607676550476
2458055.07024 9320030.52132 3198.43086075 0.00470186192747 -0.0665756249636
2458055.07381 9326510.3682 3195.59952212 -0.0550682718106 -0.0728078354616
2458055.07739 9323442.79316 3198.08045904 -0.059328529616 -0.0733361926106
2458055.08096 9330296.3331 3198.5109246 -0.0619108251495 -0.0741260566766
2458055.11857 9297220.82868 3207.62840733 0.0533890354732 -0.0421818570706
2458055.12214 9316716.11657 3206.21018996 0.0479163550047 -0.0489628521016
2458055.12572 9314514.1391 3204.2943714 0.0509528096938 -0.0545284421696
2458055.1293 9316626.00582 3200.63373775 0.0356385336654 -0.0547784718526
2458055.13287 9318468.60771 3197.75853541 0.0315019351765 -0.0574638863296
2458055.13645 9314388.92617 3198.63890979 0.00220512120989 -0.0608098032296
2458055.14002 9315875.60214 3195.60675401 0.00242946561887 -0.0659928259896
2458055.1436 9324902.73939 3195.62004517 -0.0421525266377 -0.0666266393346
2458055.14718 9318578.7143 3195.70240659 -0.0690868204797 -0.0704700543706
2458055.18476 9283520.48495 3211.88210104 0.0584992628278 -0.0335455390286
2458055.18833 9292268.83391 3199.45411138 0.0588536776123 -0.0438985026246
2458055.19191 9296873.70532 3201.28380907 0.0385694143056 -0.0506964721856
2458055.19548 9296994.55398 3196.53993238 0.037503589062 -0.0489484497356
2458055.19906 9284838.17042 3189.97475794 0.017714807353 -0.0463112382056
2458055.20264 9289465.32128 3192.49992045 0.0198233551103 -0.0467842970576
2458055.20621 9284206.98234 3192.26666967 -0.021352181506 -0.0602516206376
2458055.20979 9288787.3016 3192.32011706 -0.0445308024242 -0.0624392177116
2458055.21337 9292477.65272 3191.84184514 -0.0569511668217 -0.0623541345346
2458055.25096 9258938.95824 3211.57500336 0.05910618848 -0.0274384915682
2458055.25453 9284899.12118 3200.17395994 0.0418416535572 -0.0342155000766
2458055.25811 9276601.52839 3196.77854702 0.0477238783687 -0.0384537035236
2458055.26169 9281038.14462 3192.95297687 0.0337667235296 -0.0406587048966
2458055.26526 9276954.6443 3191.28668237 0.0410276729929 -0.0362807507676
2458055.26884 9282905.64967 3189.62245369 0.0290154880707 -0.0405710759316
2458055.27241 9282548.75943 3192.72487181 -0.040082895066 -0.0475817255006
2458055.27599 9283815.86308 3189.73757472 -0.0441532530351 -0.0545888975676
2458055.27957 9285939.35474 3190.82222349 -0.0466657055173 -0.0508974136576
2458055.31717 9257318.70993 3202.93150582 0.0642878037518 -0.0237765962079
2458055.32074 9274800.80093 3206.67564565 0.0597974342678 -0.0282935229998
2458055.32432 9280423.23245 3200.28914064 0.0588200072043 -0.0377258421066
2458055.3279 9279575.58786 3197.11243432 0.0605148212872 -0.0376720635666
2458055.33147 9279135.54035 3190.9768518 0.04029421266 -0.0397428443276
2458055.33505 9278546.38449 3189.96478833 0.0203298567056 -0.0370303731966
2458055.33863 9289980.81693 3189.87387153 0.00715790298625 -0.0446965597296
2458055.3422 9282627.99442 3189.0228963 -0.00136688506986 -0.0478594447976
2458055.34578 9275528.51051 3190.21120467 0.00603555784411 -0.0496180632556
2458055.38337 9254382.59965 3206.1396876 0.0893034424949 -0.0158118822717
2458055.38695 9269462.56593 3196.53744414 0.0748679660445 -0.0291394735417
2458055.39052 9274039.69658 3197.75376327 0.0719260099067 -0.0325479386736
2458055.3941 9277118.22388 3196.92015879 0.0763461000163 -0.0342299605766
2458055.39767 9282973.62152 3193.00301082 0.0657256910749 -0.0335251505966
2458055.40125 9275854.7607 3188.12276125 0.0671788631125 -0.0343691471756
2458055.40483 9277943.44816 3189.36303136 0.019111124676 -0.0403565179736
2458055.4084 9283852.08971 3191.55674264 0.0233631238129 -0.0419884152956
2458055.41198 9279324.35902 3190.15377107 -0.00179822067818 -0.0420192745436
2458055.44957 9256020.97387 3196.94831017 0.0893080137149 -0.010712948309
2458055.45315 9272784.89945 3197.58733055 0.101073015985 -0.0229494122889
2458055.45672 9270711.33912 3196.15769325 0.0870726761027 -0.0261189171173
2458055.4603 9275485.98241 3190.98170451 0.0819933169978 -0.0261098651207
2458055.46387 9278586.76638 3194.00542431 0.0858589279212 -0.026762285211
2458055.46745 9279837.86637 3189.66923099 0.0723755390058 -0.0281900927929
2458055.47103 9275834.76965 3189.64276603 0.0337418603558 -0.0365024458906
2458055.4746 9274110.33977 3188.42312554 0.0267442657118 -0.0360573147676
2458055.47818 9279986.52766 3187.30041734 0.0192163621585 -0.0332212082916
2458055.51577 9252475.88204 3196.31017221 0.0909871137227 -0.0111118435218
2458055.51935 9272585.2087 3197.06424737 0.118352585599 -0.0174626966134
2458055.52292 9275179.8168 3194.67665235 0.115831889132 -0.0217439629008
2458055.5265 9271909.99077 3192.78892799 0.0943734821149 -0.0283899517377
2458055.53007 9273538.50104 3192.73909476 0.0849405361067 -0.0268053413068
2458055.53365 9282014.41111 3190.83887174 0.0844492125838 -0.0265127399666
2458055.53723 9282486.71744 3192.31623761 0.037702590064 -0.0340652463446
2458055.5408 9274620.67303 3190.31103712 0.0164685985281 -0.0348842630746
2458055.54487 9104759.85255 3157.3144582 1.61890845421 0.734660374543
2458055.58197 9249411.22047 3198.01425542 0.109397043656 -0.00742426671782
2458055.58555 9267843.87342 3194.05883573 0.110343548614 -0.0224118531243
2458055.58912 9271223.59858 3194.32248062 0.107397589863 -0.0249356286483
2458055.5927 9282065.85181 3195.44840217 0.100791992527 -0.0288567361011
2458055.59627 9276523.25898 3191.35956288 0.093944287144 -0.0295448481426
2458055.59985 9281760.46155 3193.74021595 0.0755256071327 -0.0281246345707
2458055.60343 9284192.63971 3190.25734322 0.0510705640367 -0.0381116681676
2458055.607 9280144.84989 3190.21694598 0.0367316841198 -0.0389762145906
2458055.61107 8776006.83103 3120.70092365 -2.39603695616 -0.725731748249
2458055.64817 9249767.72558 3194.86230254 0.114041326796 -0.0152986520717
2458055.65175 9269563.20365 3196.0258518 0.123300938151 -0.0207791496158
2458055.65532 9275500.9649 3192.83221614 0.136405697116 -0.0258567997972
2458055.6589 9278997.24469 3197.00227856 0.117067511804 -0.0243994117768
2458055.66248 9277862.30518 3191.85442386 0.110465832883 -0.027495545644
2458055.66605 9285730.45494 3190.1375691 0.104366398659 -0.0268032055128
2458055.66963 9276829.63887 3190.38529678 0.0779189094718 -0.0383438609126
2458055.6732 9278131.89437 3188.92281399 0.0673259018196 -0.0404012136286
2458055.67727 8277064.75774 3022.86953851 3.0692259817 1.25237646588
2458055.72056 9240788.81646 3186.06663083 0.0306231700436 0.0751229167808
2458055.72414 9264007.23275 3189.05086728 0.0256291400756 0.068064012715
2458055.72772 9264935.51913 3191.80693348 0.034102378566 0.0657463581483
2458055.73129 9265587.29725 3186.38598026 0.0173550327441 0.063789409488
2458055.73487 9271106.35918 3189.57262388 -0.0266489266968 0.0596197377349
2458055.73844 9271775.16182 3188.09772269 -0.0524676349062 0.0599033654717
2458055.74202 9276455.67013 3189.63315176 -0.0562806673502 0.0597744886842
2458055.7456 9269968.69782 3189.00159901 -0.0506526252291 0.0653916785054
2458055.78057 9243590.94257 3198.08878998 0.019110091868 0.0932363826781
2458055.78415 9265987.8113 3195.61355074 0.0432046234507 0.0820925187913
2458055.78772 9266958.09292 3193.78382276 0.0353556079714 0.0758060398652
2458055.7913 9266822.13892 3188.88108232 0.0279609597469 0.0640747699511
2458055.79488 9267042.96334 3189.02408749 0.0186885744792 0.0649884894353
2458055.79845 9265352.50101 3187.79244327 0.0160389865902 0.0680756208881
2458055.80203 9268004.33531 3187.95394771 -0.0428763812866 0.0637586303461
2458055.8056 9274196.05349 3190.29617984 -0.0606775938586 0.0562905487503
2458055.80918 9275832.09959 3188.03134781 -0.0676905195146 0.0570662408916
2458055.84678 9247712.24912 3199.30942003 0.0508282025069 0.0924721816757
2458055.85036 9269139.1616 3196.47765142 0.0286229091972 0.0750342084725
2458055.85394 9271009.25739 3194.5763149 0.0408685620178 0.0692910861698
2458055.85751 9275537.49803 3191.98910404 0.0384564846858 0.0631794334955
2458055.86109 9272359.17854 3190.01884259 0.0383786615669 0.0633861177049
2458055.86466 9276941.8296 3189.1485216 0.0258845996638 0.0630358281728
2458055.86824 9275898.50161 3186.73230225 0.00365362858725 0.0577472293638
2458055.87182 9270376.71469 3187.0500908 -0.051877176516 0.0557440753652
2458055.87539 9275300.83734 3187.72961846 -0.0586406611004 0.0559730555154
2458055.91298 9255653.23194 3200.97212568 0.0158281967329 0.0825651879857
2458055.91656 9278805.29408 3195.94927444 0.034732999776 0.075431137508
2458055.92014 9286167.75527 3197.59633691 0.0419045416896 0.0677814067772
2458055.92371 9292843.24313 3192.78444858 0.0223666666138 0.0563043618282
2458055.92729 9293613.19289 3193.03878418 0.0196635171654 0.057926836014
2458055.93086 9298616.86747 3193.57603719 0.0170587658427 0.0629239830221
2458055.93444 9302073.27586 3193.44601376 -0.0414537091024 0.0525906378971
2458055.93802 9301508.15626 3192.69575843 -0.0458009359346 0.051828110215
2458055.94159 9314501.87963 3194.35793838 -0.0725600981815 0.0517232244646
2458055.97918 9276039.12864 3203.19645866 0.0331994824372 0.0825789329324
2458055.98276 9302218.03641 3204.19501273 0.04720672282 0.0693388309167
2458055.98634 9304392.72321 3196.42806971 0.037964598482 0.063367049393
2458055.98991 9305296.9317 3194.94512829 0.0278308185396 0.0570269745744
2458055.99349 9306616.82943 3198.42431144 0.0324687067118 0.055870850034
2458055.99707 9313522.74508 3196.34539013 0.0186281785314 0.0542667317518
2458056.00064 9310182.20923 3191.92956398 -0.0417175334004 0.0473274527981
2458056.00422 9307096.84779 3195.58946051 -0.0483150962571 0.049505964469
2458056.00779 9313331.73781 3192.45499099 -0.067651410532 0.0482937697746
2458056.04538 9273391.49572 3202.64101594 0.0293203490705 0.0827827631583
2458056.04896 9303015.014 3203.93164467 0.0299414530609 0.0748779995044
2458056.05254 9304544.31469 3198.93865448 0.0525179579083 0.0677813627691
2458056.05611 9308041.99795 3195.9810205 0.0263104033838 0.0600960800175
2458056.05969 9311002.41998 3193.11873357 0.0174884263478 0.0582176068242
2458056.06327 9308151.48632 3195.34508388 0.0229349777836 0.060011025695
2458056.06684 9309663.2393 3193.40282219 -0.0419373742471 0.0542920413646
2458056.07042 9312481.46741 3196.48841917 -0.0510950041231 0.0545688310058
2458056.07399 9307407.75194 3194.93702619 -0.0622735664566 0.0546326270675
2458056.11158 9285367.09713 3200.07146614 0.0437190474316 0.0930897240237
2458056.11516 9294352.61874 3200.07971469 0.0185579067758 0.0788172294647
2458056.11874 9306875.75016 3201.94855102 0.0245197066954 0.069171961619
2458056.12231 9303543.86479 3195.68461459 0.0134404492767 0.0651021533314
2458056.12589 9298063.17036 3195.25970962 0.0165125928002 0.0657229669364
2458056.12947 9305966.25028 3194.11073094 1.93884508019e-05 0.065107304816
2458056.13304 9313182.65701 3196.10394315 -0.00298346779308 0.0555068223106
2458056.13662 9300258.4843 3192.97991315 -0.0600886077417 0.0548170021763
2458056.14019 9307621.21839 3193.15321236 -0.0631136572008 0.0542016659872
2458056.17778 9282277.98854 3208.50146791 0.0240647095358 0.0894245874376
2458056.18136 9297115.10458 3198.34527811 0.0110186457896 0.0752947711394
2458056.18494 9301084.81833 3199.12902017 0.0213567490725 0.0717599790238
2458056.18851 9306436.17312 3196.14960265 0.0171049408302 0.0662096983128
2458056.19209 9302697.47727 3192.3136924 -0.0210732914021 0.0615811377616
2458056.19567 9307036.14079 3195.5783314 -0.00381802013995 0.0677814244834
2458056.19924 9303516.00106 3192.56175804 -0.050305912266 0.0571287446777
2458056.20282 9309376.799 3192.07990895 -0.0498008294402 0.0558340428237
2458056.20639 9305550.39143 3194.12961694 -0.0791139390655 0.0545313111399
2458056.24399 9278008.22024 3208.29056022 0.0352261888669 0.0887268538895
2458056.24756 9299997.80529 3203.47240246 0.0100425108764 0.0774271189856
2458056.25114 9298675.38847 3197.1921953 0.0181228662249 0.0719274450249
2458056.25471 9305532.5708 3196.26584968 0.0236420036829 0.0649332545286
2458056.25829 9299682.85619 3192.6952574 0.0156914820278 0.0676890189255
2458056.26187 9302535.67314 3194.81292207 -0.00140991762518 0.0640328339212
2458056.26544 9304643.32716 3195.71196164 -0.0559918996471 0.0590473052184
2458056.26902 9308980.51944 3194.72711179 -0.0749983954224 0.0577243114757
2458056.27259 9316236.81829 3195.68962894 -0.0834364530775 0.056154540218
2458056.31019 9276143.46959 3204.0749544 0.0106663627023 0.086340205658
2458056.31376 9298620.17778 3211.14647567 0.0125731969088 0.0773460318395
2458056.31734 9304266.76292 3202.03843725 0.00975179891356 0.0668117162612
2458056.32091 9306712.31853 3201.606515 0.0204689233385 0.0644805876971
2458056.32449 9312488.43338 3197.54116985 0.0115595385088 0.0608441114137
2458056.32807 9305530.0429 3193.54914205 0.00577627483822 0.0629982080856
2458056.33164 9303338.46904 3191.15093814 -0.0369985256593 0.0581710967552
2458056.33522 9304225.60056 3193.70012943 -0.0677266132042 0.0527380516128
2458056.3388 9307896.95822 3194.0616557 -0.0864470513891 0.0557773253785
2458056.3764 9280591.30321 3201.81618087 0.0249690990589 0.0886635570916
2458056.37997 9297495.09246 3203.6693457 0.0345131569892 0.0745387041073
2458056.38355 9307663.9359 3200.36850736 0.0260913551356 0.0666671399964
2458056.38713 9306620.51217 3196.50115978 0.027588760942 0.0625406840438
2458056.3907 9300950.89943 3196.01215799 0.0151638962814 0.0634781248942
2458056.39428 9305933.04954 3193.70672622 0.0238754412292 0.0644028245823
2458056.39785 9305498.59524 3192.63790592 -0.00381579791773 0.0613104181286
2458056.40143 9310991.22881 3195.64675078 -0.0469080071511 0.0559134832117
2458056.40501 9304918.86034 3191.9096032 -0.0695119369177 0.0565870230812
2458056.4426 9279295.36371 3205.3445739 0.0411463227545 0.0880742412763
2458056.44617 9303006.35133 3202.27391494 0.0243167958574 0.0773640711483
2458056.44975 9297266.84213 3201.54335888 0.0380786206614 0.0717400541022
2458056.45333 9298559.90759 3197.73632572 0.0357748263245 0.0691024834662
2458056.4569 9314093.57343 3197.13597798 0.0155693806047 0.0643852293542
2458056.46048 9313534.19789 3193.95623265 0.00960192749036 0.0664637366125
2458056.46406 9305159.8834 3195.92535715 -0.0171921152617 0.0640927485921
2458056.46763 9313181.62702 3194.69865876 -0.0445458368928 0.0584154439424
2458056.47121 9309394.54147 3195.62613092 -0.0510996033935 0.0638149546967
