2458054.79045 9251204.30102
2458054.79402 9289047.80866
2458054.7976 9289548.70486
2458054.80118 9295041.22046
2458054.80475 9303687.00496
2458054.80833 9302113.83419
2458054.8119 9306588.42932
2458054.81548 9312844.10828
2458054.85375 9283803.20508
2458054.85733 9298396.2868
2458054.86091 9306868.83157
2458054.86448 9305574.89473
2458054.86806 9314011.08792
2458054.87164 9312204.62212
2458054.87521 9316722.40518
2458054.87879 9318852.62913
2458054.88236 9314976.50429
2458054.91997 9290847.12981
2458054.92354 9301693.47562
2458054.92712 9308501.16424
2458054.93069 9309994.17337
2458054.93427 9312877.07217
2458054.93785 9309575.4781
2458054.94142 9308729.3567
2458054.945 9318560.8789
2458054.94858 9314817.33009
2458054.98615 9287124.6772
2458054.98973 9303365.80394
2458054.99331 9308996.08244
2458054.99688 9319278.87757
2458055.00046 9313602.59322
2458055.00404 9318445.58907
2458055.00761 9312540.94694
2458055.01119 9312377.81348
2458055.01476 9314899.91172
2458055.05236 9289274.23869
2458055.05593 9309466.4127
2458055.05951 9300122.23011
2458055.06308 9309482.29336
2458055.06666 9307388.53216
2458055.07024 9313175.59617
2458055.07381 9319800.58628
2458055.07739 9316116.3863
2458055.08096 9323026.4713
2458055.11857 9290493.28579
2458055.12214 9310369.92111
2458055.12572 9307465.39874
2458055.1293 9309304.94772
2458055.13287 9311187.05056
2458055.13645 9307057.80443
2458055.14002 9308540.13955
2458055.1436 9317404.32492
2458055.14718 9310744.40985
2458055.18476 9276737.98034
2458055.18833 9285486.15624
2458055.19191 9289353.34722
2458055.19548 9289649.7032
2458055.19906 9277985.42846
2458055.20264 9282220.43533
2458055.20621 9276479.8457
2458055.20979 9281662.65707
2458055.21337 9285312.01811
2458055.25096 9251256.57695
2458055.25453 9277932.89489
2458055.25811 9269350.07038
2458055.26169 9273567.3597
2458055.26526 9269260.79878
2458055.26884 9275244.28657
2458055.27241 9275317.68551
2458055.27599 9276034.2422
2458055.27957 9278284.68259
2458055.31717 9250756.51577
2458055.32074 9267627.60694
2458055.32432 9272810.53091
2458055.3279 9272520.18027
2458055.33147 9271814.27822
2458055.33505 9271774.56616
2458055.33863 9282184.08803
2458055.3422 9275046.8544
2458055.34578 9267989.61401
2458055.38337 9247003.89686
2458055.38695 9262643.74657
2458055.39052 9266457.503
2458055.3941 9269609.80964
2458055.39767 9275576.19349
2458055.40125 9268412.09164
2458055.40483 9271043.65194
2458055.4084 9276215.02283
2458055.41198 9271821.13518
2458055.44957 9248719.90425
2458055.45315 9265683.3666
2458055.45672 9263492.66039
2458055.4603 9268534.61372
2458055.46387 9270483.96469
2458055.46745 9272646.60754
2458055.47103 9268532.69451
2458055.4746 9266306.53003
2458055.47818 9272043.62062
2458055.51577 9245788.22821
2458055.51935 9264335.9594
2458055.52292 9267538.90779
2458055.5265 9264577.936
2458055.53007 9265158.19036
2458055.53365 9275179.59886
2458055.53723 9274410.65985
2458055.5408 9266996.26837
2458055.54487 9091091.20623
2458055.58197 9242838.15411
2458055.58555 9260875.89439
2458055.58912 9263671.64776
2458055.5927 9273745.71923
2458055.59627 9268654.2174
2458055.59985 9274038.83226
2458055.60343 9275911.22317
2458055.607 9272574.66708
2458055.61107 8672718.29998
2458055.64817 9242573.0872
2458055.65175 9262356.28088
2458055.65532 9268555.32597
2458055.6589 9271852.88894
2458055.66248 9270520.4677
2458055.66605 9277970.86987
2458055.66963 9268905.94057
2458055.6732 9270730.76067
2458055.67727 8205835.21274
2458055.72056 9232671.27078
2458055.72414 9256139.62616
2458055.72772 9256420.8866
2458055.73129 9257687.50079
2458055.73487 9262742.01488
2458055.73844 9263465.32479
2458055.74202 9267986.65485
2458055.7456 9261078.81344
2458055.78057 9235921.67569
2458055.78415 9258327.96726
2458055.78772 9259194.34053
2458055.7913 9258306.09248
2458055.79488 9258226.24119
2458055.79845 9256831.19015
2458055.80203 9259529.85041
2458055.8056 9265854.34209
2458055.80918 9266911.61735
2458055.84678 9240332.61111
2458055.85036 9262071.87121
2458055.85394 9263710.27788
2458055.85751 9267355.67162
2458055.86109 9264198.05899
2458055.86466 9268581.55742
2458055.86824 9267141.54703
2458055.87182 9262707.92447
2458055.87539 9266338.24388
2458055.91298 9248266.57028
2458055.91656 9271211.90846
2458055.92014 9277733.29564
2458055.92371 9285025.54883
2458055.92729 9285539.85187
2458055.93086 9290461.19669
2458055.93444 9293921.54312
2458055.93802 9293047.99157
2458055.94159 9305863.57121
2458055.97918 9268416.11827
2458055.98276 9295264.83421
2458055.98634 9296599.3513
2458055.98991 9297795.0318
2458055.99349 9298200.73145
2458055.99707 9305705.25542
2458056.00064 9302347.79761
2458056.00422 9298256.37192
2458056.00779 9305050.68692
2458056.04538 9266037.65375
2458056.04896 9294619.79856
2458056.05254 9297101.9889
2458056.05611 9300346.76441
2458056.05969 9302444.28378
2458056.06327 9299776.11282
2458056.06684 9301562.10981
2458056.07042 9303849.5098
2458056.07399 9298775.8488
2458056.11158 9277739.23065
2458056.11516 9287157.30571
2458056.11874 9298809.44347
2458056.12231 9295625.60729
2458056.12589 9290382.42939
2458056.12947 9297377.65195
2458056.13304 9304392.52208
2458056.13662 9291401.98923
2458056.14019 9298728.32456
2458056.17778 9273612.19537
2458056.18136 9289490.06505
2458056.18494 9292775.88354
2458056.18851 9298878.55623
2458056.19209 9294765.62296
2458056.19567 9299215.87472
2458056.19924 9294471.57138
2458056.20282 9301386.79941
2458056.20639 9297270.41594
2458056.24399 9269774.93903
2458056.24756 9292359.81067
2458056.25114 9290620.92065
2458056.25471 9297401.20043
2458056.25829 9291133.71948
2458056.26187 9294597.33015
2458056.26544 9295901.13197
2458056.26902 9299989.85642
2458056.27259 9307621.94538
2458056.31019 9268476.8604
2458056.31376 9289445.17102
2458056.31734 9296373.6122
2458056.32091 9298399.53657
2458056.32449 9304335.73634
2458056.32807 9297583.72901
2458056.33164 9294778.20947
2458056.33522 9295231.19447
2458056.3388 9299056.60329
2458056.3764 9272916.63671
2458056.37997 9289686.20378
2458056.38355 9300334.25878
2458056.38713 9298223.21858
2458056.3907 9293134.29079
2458056.39428 9297529.56076
2458056.39785 9296961.52674
2458056.40143 9302563.66217
2458056.40501 9296902.97818
2458056.4426 9271655.81531
2458056.44617 9295066.37433
2458056.44975 9289271.45326
2458056.45333 9290487.40942
2458056.4569 9305968.29576
2458056.46048 9305134.71866
2458056.46406 9296553.00501
2458056.46763 9304256.72287
2458056.47121 9300121.41881
