58054.2933657	31471.860819503298
58054.296942	31492.620042348753
58054.3005182	31499.885994311866
58054.3040945	31540.701114264557
58054.307671	31523.25962723026
58054.3112475	31539.454641579086
58054.3148238	31569.96198553848
58054.3530994	31456.60862875566
58054.3566757	31529.091999671426
58054.3602519	31537.483725477374
58054.3638286	31567.3104971018
58054.3674049	31589.08666764506
58054.3709812	31589.18389224924
58054.3745577	31600.908869436007
58054.3781342	31590.71503102658
58054.3817105	31582.344491127504
58054.4193145	31480.794230905132
58054.422891	31533.19147727341
58054.4264675	31574.992877083045
58054.4300438	31584.1275588827
58054.4336201	31577.76963300527
58054.4371966	31579.889001634452
58054.4407731	31570.305404383733
58054.4443494	31587.31301984301
58054.4479257	31575.84727059674
58054.4855068	31464.555320180418
58054.4890831	31541.955672698477
58054.4926595	31571.149808403166
58054.496236	31607.647437271076
58054.4998123	31596.08844590255
58054.5033886	31623.625071550334
58054.5069651	31584.013519641125
58054.5105416	31582.413070909195
58054.5141179	31589.364073199205
58054.5517105	31485.3325510255
58054.5552868	31564.6718077245
58054.5588632	31558.71423747438
58054.5624397	31585.535516906915
58054.566016	31586.14611620638
58054.5695923	31607.07907052175
58054.5731688	31606.67827151672
58054.5767453	31590.850117570022
58054.5803216	31610.650694730895
58054.6179257	31495.803783887917
58054.6215021	31584.708446081775
58054.6250786	31567.24120827345
58054.6286549	31589.251293384754
58054.6322312	31589.146003016696
58054.6358077	31576.84829533904
58054.6393842	31593.068153742275
58054.6429605	31611.0618774818
58054.6465368	31583.223178239437
58054.6841179	31450.586916837372
58054.6876942	31498.02156283892
58054.6912707	31513.494251323806
58054.6948471	31514.476602402352
58054.6984234	31497.46865280746
58054.7019997	31513.980074758772
58054.7055762	31492.89686873615
58054.7091527	31491.418782236557
58054.712729	31508.993299400237
58054.7503216	31339.240228804272
58054.7538979	31463.215542640617
58054.7574744	31457.79650348435
58054.7610508	31471.341009881187
58054.7646271	31476.02305005237
58054.7682034	31490.979525434774
58054.7717799	31488.097312757924
58054.7753564	31483.469677209265
58054.7789327	31488.88660525575
58054.8165368	31351.791806414105
58054.8201132	31439.550311477204
58054.8236897	31462.548488030945
58054.827266	31463.6362806193
58054.8308423	31479.803776617136
58054.8344188	31487.501181210646
58054.8379953	31506.307774740064
58054.8415716	31475.504319898057
58054.8451479	31456.115514284287
58054.8827405	31369.230104746366
58054.8863169	31430.73232138418
58054.8898934	31459.55959390141
58054.8934697	31472.435768566807
58054.897046	31491.764884076303
58054.9006225	31482.086882045478
58054.904199	31479.217146017305
58054.9077753	31499.283728602793
58054.9113516	31488.013230122102
58054.9489442	31379.419883253282
58054.9525207	31455.240903360966
58054.9560971	31462.342113202125
58054.9596734	31468.65938850441
58054.9632497	31489.123713261157
58054.9668262	31505.181504983957
58054.9704027	31468.541492885346
58054.973979	31461.44991296513
58054.9775553	31477.877708077838
58055.0151479	31370.12775418651
58055.0187244	31455.116299147387
58055.0223008	31474.44623234911
58055.0258771	31459.67139603811
58055.0294534	31476.606472839354
58055.0330299	31501.20506067472
58055.0366064	31505.47008502467
58055.0401827	31479.948182889966
58055.0813516	31368.439664131052
58055.0849281	31443.64651550591
58055.0885045	31457.07327595059
58055.0920808	31495.068447458107
58055.0956571	31475.572055427816
58055.0992336	31490.667296168787
58055.1028101	31493.086983849505
58055.1063864	31490.253028289477
58055.1475553	31372.658043854623
58055.1511318	31452.235497128608
58055.1547082	31480.44375767933
58055.1582845	31487.554872763245
58055.1618608	31490.18106538104
58055.1654373	31511.236742594312
58055.1690138	31474.823259589786
58055.1725901	31481.959980573472
58055.2235275	31464.22154960879
58055.227104	31478.358189941748
58055.2306805	31474.20530444341
58055.2342568	31485.835336041273
58055.2378331	31503.284912167728
58055.2414095	31504.914918323528
58055.244986	31493.611018795356
58055.2799627	31362.805785694574
58055.2835392	31469.111523146228
58055.2871157	31470.12594221886
58055.290692	31482.129444558843
58055.2942682	31484.131760267283
58055.2978447	31481.587393469454
58055.3014212	31488.51443055015
58055.3049975	31503.22451778385
58055.308574	31497.768121601737
58055.3461781	31387.002968765362
58055.3497545	31473.252746847582
58055.3533308	31480.020591075445
58055.3569073	31491.987218947485
58055.3604836	31491.920599088473
58055.3640601	31522.165464565493
58055.3676364	31512.610229203165
58055.3712129	31497.16166355792
58055.3747892	31508.630600759403
58055.4123818	31403.37005497288
58055.4159582	31500.440822600547
58055.4195345	31542.38238466139
58055.423111	31547.65975832559
58055.4266873	31559.35088371367
58055.4302638	31594.36357926138
58055.4338401	31591.509558869446
58055.4374164	31582.890652254773
58055.4409929	31634.322511517435
58055.4785855	31478.725575689296
58055.4821619	31576.35844532994
58055.4857382	31604.206833032298
58055.4893145	31605.17444039526
58055.492891	31620.55388025681
58055.4964675	31636.51485035466
58055.5000438	31619.85575220477
58055.5036201	31613.852948550906
58055.5071966	31622.33362458944
58055.5447892	31476.368351512177
58055.5483657	31596.21943374857
58055.5519419	31603.798098761203
58055.5555182	31610.44457588682
58055.5590947	31629.60227684959
58055.5626712	31627.033027110607
58055.5662475	31614.767581847653
58055.569824	31626.169037833162
58055.5734003	31614.695009099887
58055.6109927	31513.23928562906
58055.6145694	31577.132268222333
58055.6181457	31605.801770032183
58055.6217219	31607.71220405083
58055.6252982	31586.208549840536
58055.6288749	31620.627487360005
58055.6324512	31628.53616420047
58055.6360275	31582.909746002664
58055.6396038	31608.029800863274
58055.6771964	31481.471023412134
58055.6807731	31570.42081245688
58055.6843494	31591.043700519484
58055.6879257	31601.559487567334
58055.691502	31609.025351492663
58055.6950786	31627.948674973137
58055.6986549	31598.02166344259
58055.7022312	31615.317572071726
58055.7058075	31591.581410804414
58055.7434001	31476.204114852953
58055.7469768	31557.656685530757
58055.7505531	31579.304957548484
58055.7541294	31604.140470819322
58055.7577057	31586.710894216
58055.7612823	31607.752373143456
58055.7648586	31597.705605409443
58055.7684349	31621.826458817886
58055.7720112	31631.33532320257
58055.8096038	31484.0435597413
58055.8131805	31556.166398218396
58055.8167568	31584.69386727915
58055.8203332	31612.77201573553
58055.8239095	31628.962392913512
58055.827486	31614.887810511824
58055.8310623	31598.003876317664
58055.8346386	31596.281503083934
58055.8382151	31613.86203130125
58055.8758194	31490.29123174045
58055.8793957	31571.516895299996
58055.8829719	31600.548007433234
58055.8865482	31607.991099469094
58055.8901249	31593.394975326533
58055.8937012	31623.704216518847
58055.8972775	31613.25389001764
58055.9008538	31618.874388372453
58055.9044305	31600.877657035766
58055.9420231	31505.48765137432
58055.9455994	31585.08103806069
58055.9491757	31576.3853787289
58055.9527519	31580.16675174049
58055.9563286	31641.017234993276
58055.9599049	31645.845394716955
58055.9634812	31618.24844619121
58055.9670575	31624.172519791337
58055.9706342	31621.006078565304