2458054.85375 9290345.8537 1.0 -1.70528607512 -0.0457317617839 0.0
2458054.85733 9305047.1688 2.0 -2.28415169285 -0.0537589264489 0.0
2458054.86091 9313546.34302 3.0 -2.52859503517 -0.0598765125689 0.0
2458054.86448 9312626.43173 4.0 -2.31547346467 -0.0597135506939 0.0
2458054.86806 9321057.05877 5.0 -2.67138671397 -0.0615108976589 0.0
2458054.87164 9319325.36417 6.0 -2.75902328419 -0.0617315443609 0.0
2458054.87521 9323577.26156 7.0 -4.05098402904 -0.0666077338229 0.0
2458054.87879 9326371.27574 8.0 -5.1658434285 -0.0699685024539 0.0
2458054.88236 9321940.39207 9.0 -5.62108402001 -0.0676326907379 0.0
2458054.91997 9297638.30806 1.0 0.24155349282 -0.0425949313619 1.0
2458054.92354 9309057.60245 2.0 -0.04376572336 -0.0515784488379 1.0
2458054.92712 9315306.80168 3.0 0.11224898317 -0.0590866015229 1.0
2458054.93069 9316987.13393 4.0 -0.700359826189 -0.0633200289299 1.0
2458054.93427 9319526.71558 5.0 -0.873588913127 -0.0618269500769 1.0
2458054.93785 9316443.64656 6.0 -0.699061860888 -0.0610280773379 1.0
2458054.94142 9316035.41083 7.0 -3.4745641975 -0.0680428858789 1.0
2458054.945 9325836.15959 8.0 -4.79792147998 -0.0767611320619 1.0
2458054.94858 9322275.66268 9.0 -4.57128582912 -0.0709422464989 1.0
2458054.98615 9294220.99351 1.0 0.48360706148 -0.0410957948489 2.0
2458054.98973 9310375.26912 2.0 0.537211169 -0.0499738733679 2.0
2458054.99331 9315473.84423 3.0 -0.147745070971 -0.0561049067699 2.0
2458054.99688 9326237.80849 4.0 0.80006884297 -0.0562256800389 2.0
2458055.00046 9320693.9469 5.0 -0.370391250019 -0.0590304801019 2.0
2458055.00404 9325104.92616 6.0 -0.823835958199 -0.0578929763819 2.0
2458055.00761 9319572.11645 7.0 -3.28099582261 -0.0682012906969 2.0
2458055.01119 9319519.91044 8.0 -4.01367670536 -0.0702573893049 2.0
2458055.01476 9322019.544 9.0 -4.67628765422 -0.0678762117559 2.0
2458055.05236 9296351.22317 1.0 0.99488349416 -0.0291216324119 3.0
2458055.05593 9316911.56373 2.0 0.67655557625 -0.0385538457239 3.0
2458055.05951 9307153.43834 3.0 1.24221687755 -0.0390034898419 3.0
2458055.06308 9316088.56444 4.0 0.65642159602 -0.0452751982679 3.0
2458055.06666 9314130.91173 5.0 0.26658076345 -0.0452123878759 3.0
2458055.07024 9320030.52132 6.0 -0.676870839466 -0.0510203577919 3.0
2458055.07381 9326510.3682 7.0 -3.36652685768 -0.0572525682899 3.0
2458055.07739 9323442.79316 8.0 -3.55823845892 -0.0577809254389 3.0
2458055.08096 9330296.3331 9.0 -3.67444175793 -0.0585707895049 3.0
2458055.11857 9297220.82868 1.0 1.51405197009 -0.0266265898989 4.0
2458055.12214 9316716.11657 2.0 1.26778134901 -0.0334075849299 4.0
2458055.12572 9314514.1391 3.0 1.40442181002 -0.0389731749979 4.0
2458055.1293 9316626.00582 4.0 0.71527938874 -0.0392232046809 4.0
2458055.13287 9318468.60771 5.0 0.52913245674 -0.0419086191579 4.0
2458055.13645 9314388.92617 6.0 -0.789224171757 -0.0452545360579 4.0
2458055.14002 9315875.60214 7.0 -0.779128673353 -0.0504375588179 4.0
2458055.1436 9324902.73939 8.0 -2.7853183249 -0.0510713721629 4.0
2458055.14718 9318578.7143 9.0 -3.99736154779 -0.0549147871989 4.0
2458055.18476 9283520.48495 1.0 1.74401220105 -0.0179902718569 5.0
2458055.18833 9292268.83391 2.0 1.75996086635 -0.0283432354529 5.0
2458055.19191 9296873.70532 3.0 0.84716901755 -0.0351412050139 5.0
2458055.19548 9296994.55398 4.0 0.79920688159 -0.0333931825639 5.0
2458055.19906 9284838.17042 5.0 -0.091288295319 -0.0307559710339 5.0
2458055.20264 9289465.32128 6.0 0.00359635376 -0.0312290298859 5.0
2458055.20621 9284206.98234 7.0 -1.84930279397 -0.0446963534659 5.0
2458055.20979 9288787.3016 8.0 -2.89234073529 -0.0468839505399 5.0
2458055.21337 9292477.65272 9.0 -3.45125713318 -0.0467988673629 5.0
2458055.25096 9258938.95824 1.0 1.7713238554 -0.0118832243965 6.0
2458055.25453 9284899.12118 2.0 0.99441978387 -0.0186602329049 6.0
2458055.25811 9276601.52839 3.0 1.25911990039 -0.0228984363519 6.0
2458055.26169 9281038.14462 4.0 0.63104793263 -0.0251034377249 6.0
2458055.26526 9276954.6443 5.0 0.95779065848 -0.0207254835959 6.0
2458055.26884 9282905.64967 6.0 0.41724233698 -0.0250158087599 6.0
2458055.27241 9282548.75943 7.0 -2.69218490417 -0.0320264583289 6.0
2458055.27599 9283815.86308 8.0 -2.87535101278 -0.0390336303959 6.0
2458055.27957 9285939.35474 9.0 -2.98841137448 -0.0353421464859 6.0
2458055.31717 9257318.70993 1.0 2.00449654263 -0.0082213290362 7.0
2458055.32074 9274800.80093 2.0 1.80242991585 -0.0127382558281 7.0
2458055.32432 9280423.23245 3.0 1.75844569799 -0.0221705749349 7.0
2458055.3279 9279575.58786 4.0 1.83471233172 -0.0221167963949 7.0
2458055.33147 9279135.54035 5.0 0.9247849435 -0.0241875771559 7.0
2458055.33505 9278546.38449 6.0 0.02638892555 -0.0214751060249 7.0
2458055.33863 9289980.81693 7.0 -0.566348991821 -0.0291412925579 7.0
2458055.3422 9282627.99442 8.0 -0.949964454346 -0.0323041776259 7.0
2458055.34578 9275528.51051 9.0 -0.616854523217 -0.0340627960839 7.0
2458055.38337 9254382.59965 1.0 3.13020028607 -0.0002566151 8.0
2458055.38695 9269462.56593 2.0 2.4806038458 -0.01358420637 8.0
2458055.39052 9274039.69658 3.0 2.3482158196 -0.0169926715019 8.0
2458055.3941 9277118.22388 4.0 2.54711987453 -0.0186746934049 8.0
2458055.39767 9282973.62152 5.0 2.06920147217 -0.0179698834249 8.0
2458055.40125 9275854.7607 6.0 2.13459421386 -0.0188138800039 8.0
2458055.40483 9277943.44816 7.0 -0.02845401578 -0.0248012508019 8.0
2458055.4084 9283852.08971 8.0 0.16288594538 -0.0264331481239 8.0
2458055.41198 9279324.35902 9.0 -0.96937455672 -0.0264640073719 8.0
2458055.44957 9256020.97387 1.0 3.13040599097 0.0048423188627 9.0
2458055.45315 9272784.89945 2.0 3.65983109313 -0.0073941451172 9.0
2458055.45672 9270711.33912 3.0 3.02981579842 -0.0105636499456 9.0
2458055.4603 9275485.98241 4.0 2.8012446387 -0.010554597949 9.0
2458055.46387 9278586.76638 5.0 2.97519713025 -0.0112070180393 9.0
2458055.46745 9279837.86637 6.0 2.36844462906 -0.0126348256212 9.0
2458055.47103 9275834.76965 7.0 0.62992908981 -0.0209471787189 9.0
2458055.4746 9274110.33977 8.0 0.31503733083 -0.0205020475959 9.0
2458055.47818 9279986.52766 9.0 -0.02371832907 -0.0176659411199 9.0
2458055.51577 9252475.88204 1.0 3.20596549132 0.0044434236499 10.0
2458055.51935 9272585.2087 2.0 4.43741172575 -0.0019074294417 10.0
2458055.52292 9275179.8168 3.0 4.32398038472 -0.0061886957291 10.0
2458055.5265 9271909.99077 4.0 3.35835206897 -0.012834684566 10.0
2458055.53007 9273538.50104 5.0 2.9338694986 -0.0112500741351 10.0
2458055.53365 9282014.41111 6.0 2.91175994007 -0.0109574727949 10.0
2458055.53723 9282486.71744 7.0 0.80816192668 -0.0185099791729 10.0
2458055.5408 9274620.67303 8.0 -0.147367692437 -0.0193289959029 10.0
2458055.58197 9249411.22047 1.0 4.03441233833 0.0081310004539 11.0
2458055.58555 9267843.87342 2.0 4.07700506142 -0.0068565859526 11.0
2458055.58912 9271223.59858 3.0 3.94443691764 -0.0093803614766 11.0
2458055.5927 9282065.85181 4.0 3.64718503752 -0.0133014689294 11.0
2458055.59627 9276523.25898 5.0 3.33903829528 -0.0139895809709 11.0
2458055.59985 9281760.46155 6.0 2.51019769477 -0.012569367399 11.0
2458055.60343 9284192.63971 7.0 1.40972075545 -0.0225564009959 11.0
2458055.607 9280144.84989 8.0 0.76447115919 -0.0234209474189 11.0
2458055.64817 9249767.72558 1.0 4.24340507964 0.0002566151 12.0
2458055.65175 9269563.20365 2.0 4.66008759059 -0.0052238824441 12.0
2458055.65532 9275500.9649 3.0 5.24980174402 -0.0103015326255 12.0
2458055.6589 9278997.24469 4.0 4.37958340496 -0.0088441446051 12.0
2458055.66248 9277862.30518 5.0 4.08250785352 -0.0119402784723 12.0
2458055.66605 9285730.45494 6.0 3.80803331346 -0.0112479383411 12.0
2458055.66963 9276829.63887 7.0 2.61789630003 -0.0227885937409 12.0
2458055.6732 9278131.89437 8.0 2.14121095568 -0.0248459464569 12.0
2458055.72414 9264007.23275 2.0 0.2648566772 0.0836192798868 13.0
2458055.72772 9264935.51913 3.0 0.64615240927 0.08130162532 13.0
2458055.73129 9265587.29725 4.0 -0.107478152718 0.0793446766597 13.0
2458055.73487 9271106.35918 5.0 -2.08765632756 0.0751750049066 13.0
2458055.73844 9271775.16182 6.0 -3.24949819698 0.0754586326434 13.0
2458055.74202 9276455.67013 7.0 -3.42108465696 0.0753297558559 13.0
2458055.7456 9269968.69782 8.0 -3.16782276151 0.0809469456771 13.0
2458055.78057 9243590.94257 1.0 -0.02850049214 0.10879164985 14.0
2458055.78415 9265987.8113 2.0 1.05575342908 0.097647785963 14.0
2458055.78772 9266958.09292 3.0 0.70254773251 0.0913613070369 14.0
2458055.7913 9266822.13892 4.0 0.36978856241 0.0796300371228 14.0
2458055.79488 9267042.96334 5.0 -0.04746877464 0.080543756607 14.0
2458055.79845 9265352.50101 6.0 -0.166700229641 0.0836308880599 14.0
2458055.80203 9268004.33531 7.0 -2.8178917841 0.0793138975178 14.0
2458055.8056 9274196.05349 8.0 -3.61894634984 0.071845815922 14.0
2458055.80918 9275832.09959 9.0 -3.93452800436 0.0726215080633 14.0
2458055.84678 9247712.24912 1.0 1.39881448661 0.108027448847 15.0
2458055.85036 9269139.1616 2.0 0.39957628767 0.0905894756442 15.0
2458055.85394 9271009.25739 3.0 0.9506306646 0.0848463533416 15.0
2458055.85751 9275537.49803 4.0 0.84208718466 0.0787347006673 15.0
2458055.86109 9272359.17854 5.0 0.83858514431 0.0789413848766 15.0
2458055.86466 9276941.8296 6.0 0.27635235867 0.0785910953445 15.0
2458055.86824 9275898.50161 7.0 -0.724041339776 0.0733024965355 15.0
2458055.87182 9270376.71469 8.0 -3.22292756942 0.0712993425369 15.0
2458055.87539 9275300.83734 9.0 -3.52728437572 0.0715283226871 15.0
2458055.91298 9255653.23194 1.0 -0.176185773223 0.0981204551574 16.0
2458055.91656 9278805.29408 2.0 0.67453036372 0.0909864046797 16.0
2458055.92014 9286167.75527 3.0 0.99724974983 0.0833366739489 16.0
2458055.92371 9292843.24313 4.0 0.11804537142 0.0718596289999 16.0
2458055.92729 9293613.19289 5.0 -0.00359635376 0.0734821031857 16.0
2458055.93086 9298616.86747 6.0 -0.120810163279 0.0784792501938 16.0
2458055.93444 9302073.27586 7.0 -2.75387153581 0.0681459050688 16.0
2458055.93802 9301508.15626 8.0 -2.94949674326 0.0673833773867 16.0
2458055.94159 9314501.87963 9.0 -4.15365904437 0.0672784916363 16.0
2458055.97918 9276039.12864 1.0 0.60552208347 0.0981342001041 17.0
2458055.98276 9302218.03641 2.0 1.2358479007 0.0848940980884 17.0
2458055.98634 9304392.72321 3.0 0.81995230549 0.0789223165647 17.0
2458055.98991 9305296.9317 4.0 0.36393220808 0.0725822417461 17.0
2458055.99349 9306616.82943 5.0 0.57263717583 0.0714261172057 17.0
2458055.99707 9313522.74508 6.0 -0.05018659229 0.0698219989235 17.0
2458056.00064 9310182.20923 7.0 -2.76574362922 0.0628827199698 17.0
2458056.00422 9307096.84779 8.0 -3.06263395777 0.0650612316407 17.0
2458056.00779 9313331.73781 9.0 -3.93276810014 0.0638490369463 17.0
2458056.04538 9273391.49572 1.0 0.43096108197 0.09833803033 18.0
2458056.04896 9303015.014 2.0 0.45891076154 0.0904332666761 18.0
2458056.05254 9304544.31469 3.0 1.47485347967 0.0833366299408 18.0
2458056.05611 9308041.99795 4.0 0.29551352607 0.0756513471892 18.0
2458056.05969 9311002.41998 5.0 -0.101475440549 0.0737728739959 18.0
2458056.06327 9308151.48632 6.0 0.14361937406 0.0755662928667 18.0
2458056.06684 9309663.2393 7.0 -2.77563646732 0.0698473085363 18.0
2458056.07042 9312481.46741 8.0 -3.18772981174 0.0701240981775 18.0
2458056.07399 9307407.75194 9.0 -3.69076511675 0.0701878942392 18.0
2458056.11158 9285367.09713 1.0 1.07890250822 0.108644991195 19.0
2458056.11516 9294352.61874 2.0 -0.05334882129 0.0943724966364 19.0
2458056.11874 9306875.75016 3.0 0.21493217509 0.0847272287907 19.0
2458056.12231 9303543.86479 4.0 -0.283634408752 0.0806574205031 19.0
2458056.12589 9298063.17036 5.0 -0.145387950191 0.0812782341081 19.0
2458056.12947 9305966.25028 6.0 -0.887582145916 0.0806625719877 19.0
2458056.13304 9313182.65701 7.0 -1.02271067689 0.0710620894823 19.0
2458056.13662 9300258.4843 8.0 -3.59244197458 0.070372269348 19.0
2458056.14019 9307621.21839 9.0 -3.72856920024 0.0697569331589 19.0
2458056.17778 9282277.98854 1.0 0.19445730291 0.104979854609 20.0
2458056.18136 9297115.10458 2.0 -0.392615565672 0.0908500383111 20.0
2458056.18494 9301084.81833 3.0 0.07259908206 0.0873152461955 20.0
2458056.18851 9306436.17312 4.0 -0.118732288843 0.0817649654845 20.0
2458056.19209 9302697.47727 5.0 -1.8367527393 0.0771364049333 20.0
2458056.19567 9307036.14079 6.0 -1.0602655325 0.0833366916551 20.0
2458056.19924 9303516.00106 7.0 -3.15222067817 0.0726840118494 20.0
2458056.20282 9309376.799 8.0 -3.12949195101 0.0713893099954 20.0
2458056.20639 9305550.39143 9.0 -4.44858188415 0.0700865783116 20.0
2458056.24399 9278008.22024 1.0 0.69672387281 0.104282121061 21.0
2458056.24756 9299997.80529 2.0 -0.436541636766 0.0929823861573 21.0
2458056.25114 9298675.38847 3.0 -0.07292564608 0.0874827121966 21.0
2458056.25471 9305532.5708 4.0 0.17543553953 0.0804885217003 21.0
2458056.25829 9299682.85619 5.0 -0.18233793495 0.0832442860972 21.0
2458056.26187 9302535.67314 6.0 -0.951900919335 0.0795881010929 21.0
2458056.26544 9304643.32716 7.0 -3.40809011032 0.0746025723901 21.0
2458056.26902 9308980.51944 8.0 -4.26338242021 0.0732795786474 21.0
2458056.27259 9316236.81829 9.0 -4.64309501469 0.0717098073897 21.0
2458056.31019 9276143.46959 1.0 -0.408468304597 0.10189547283 22.0
2458056.31376 9298620.17778 2.0 -0.322660765306 0.0929012990112 22.0
2458056.31734 9304266.76292 3.0 -0.449623675092 0.0823669834329 22.0
2458056.32091 9306712.31853 4.0 0.03264692403 0.0800358548688 22.0
2458056.32449 9312488.43338 5.0 -0.368275393304 0.0763993785855 22.0
2458056.32807 9305530.0429 6.0 -0.628522258482 0.0785534752573 22.0
2458056.33164 9303338.46904 7.0 -2.55338828087 0.0737263639269 22.0
2458056.33522 9304225.60056 8.0 -3.93615222039 0.0682933187845 22.0
2458056.3388 9307896.95822 9.0 -4.77857193871 0.0713325925502 22.0
2458056.3764 9280591.30321 1.0 0.23515483145 0.104218824263 23.0
2458056.37997 9297495.09246 2.0 0.66463743831 0.090093971279 23.0
2458056.38355 9307663.9359 3.0 0.2856563549 0.0822224071681 23.0
2458056.38713 9306620.51217 4.0 0.35303961619 0.0780959512155 23.0
2458056.3907 9300950.89943 5.0 -0.206079293539 0.0790333920659 23.0
2458056.39428 9305933.04954 6.0 0.18594022911 0.079958091754 23.0
2458056.39785 9305498.59524 7.0 -1.0601655325 0.0768656853003 23.0
2458056.40143 9310991.22881 8.0 -2.999314948 0.0714687503834 23.0
2458056.40501 9304918.86034 9.0 -4.0164917875 0.0721422902529 23.0
2458056.4426 9279295.36371 1.0 0.96312989775 0.103629508448 24.0
2458056.44617 9303006.35133 2.0 0.20580118738 0.0929193383201 24.0
2458056.44975 9297266.84213 3.0 0.82508330356 0.0872953212739 24.0
2458056.45333 9298559.90759 4.0 0.7214125584 0.0846577506379 24.0
2458056.4569 9314093.57343 5.0 -0.18783249899 0.0799404965259 24.0
2458056.46048 9313534.19789 6.0 -0.456367889136 0.0820190037842 24.0
2458056.46406 9305159.8834 7.0 -1.66209981298 0.0796480157638 24.0
2458056.46763 9313181.62702 8.0 -2.89301728638 0.0739707111141 24.0
2458056.47121 9309394.54147 9.0 -3.18793677891 0.0793702218684 24.0
