2458054.8531 -0.00017121037201
2458054.85668 -0.000504615253777
2458054.86025 -0.000759037477511
2458054.86383 -0.000198484777016
2458054.8674 0.000310193015358
2458054.87098 -0.000111276875898
2458054.87456 0.000536532533675
2458054.87813 0.000281529239852
2458054.88171 -6.84062949056e-05
2458054.91931 0.000492389135121
2458054.92289 -0.000479326740833
2458054.92647 0.000325205700628
2458054.93004 0.000229599294419
2458054.93362 -0.000152495435813
2458054.9372 -0.00050997288148
2458054.94077 -0.000536526409409
2458054.94435 6.98178709799e-05
2458054.94793 -0.000378155401059
2458054.98551 -0.000126143070996
2458054.98908 -0.000303905862093
2458054.99266 0.000101105768507
2458054.99624 0.000871316045808
2458054.99981 0.000325217957049
2458055.00339 0.000771757603412
2458055.00697 -0.000204264876978
2458055.01054 -0.000187177497362
2458055.01412 -5.18302142182e-05
2458055.05171 0.000433374595118
2458055.05529 0.00031560460974
2458055.05886 -0.000393217085583
2458055.06244 7.17075518328e-05
2458055.06602 -8.95166637216e-05
2458055.06959 0.000148758539429
2458055.07317 0.000413199512545
2458055.07675 -1.97661695858e-05
2458055.08032 0.000522079506141
2458055.11793 0.000667380117966
2458055.1215 0.000851616953525
2458055.12508 -0.000221158809506
2458055.12865 9.13202968255e-05
2458055.13223 -9.2450311561e-05
2458055.13581 -0.00090635617342
2458055.13938 -0.000115093723065
2458055.14296 0.000522137462509
2458055.14654 -0.000443377606367
2458055.18412 0.000621147700663
2458055.18769 -0.000190873756395
2458055.19127 9.47102501749e-05
2458055.19485 4.51299589105e-05
2458055.19842 -0.000393843212763
2458055.202 -4.90877235701e-05
2458055.20558 -0.000266236565458
2458055.20915 -0.000186616851368
2458055.21273 0.000334836957144
2458055.25032 -0.000962131895032
2458055.2539 0.000373070600255
2458055.25747 -0.000299025690957
2458055.26105 -0.000233922620173
2458055.26463 -0.000247289192865
2458055.2682 -0.000178855604128
2458055.27178 2.37168432868e-05
2458055.27536 -3.92057698416e-05
2458055.27893 6.37289708399e-05
2458055.31654 -0.000382462523566
2458055.32011 -0.000211427059008
2458055.32369 9.72215759615e-06
2458055.32727 -0.000330819190549
2458055.33084 1.16875183082e-05
2458055.33442 -0.000159071919251
2458055.338 0.000723683773418
2458055.34157 -0.000177949557277
2458055.34515 -0.000870944210852
2458055.38274 0.000220632481212
2458055.38632 -0.00044947472011
2458055.38989 -4.70284659729e-05
2458055.39347 -1.70124791918e-05
2458055.39705 0.000421632000195
2458055.40062 -0.000304773234282
2458055.4042 -0.000113694429157
2458055.40778 0.000596096345205
2458055.41135 0.000158482497118
2458055.44894 0.000530259299186
2458055.45252 0.000312543470942
2458055.4561 2.15283886738e-05
2458055.45967 -0.000159236062913
2458055.46325 0.000313311990746
2458055.46683 0.000401796529433
2458055.4704 -0.000481860355017
2458055.47398 -0.000636731729681
2458055.47756 -0.000196510465696
2458055.51515 0.000181841803691
2458055.51872 0.000254574627263
2458055.5223 0.00035045362562
2458055.52588 -0.000502281141355
2458055.52945 -0.000143089180118
2458055.53303 0.000215211709867
2458055.53661 0.000628903742522
2458055.54018 -0.000112235693224
2458055.58135 4.77991542329e-05
2458055.58493 -0.000191788733363
2458055.5885 -0.000284720139841
2458055.59208 0.000537736945357
2458055.59566 -0.000261891540358
2458055.59923 -0.000206680349343
2458055.60281 0.000147226156901
2458055.60639 0.000124875362532
2458055.64756 7.49431859733e-05
2458055.65113 -2.75482953349e-05
2458055.65471 0.000347395386314
2458055.65828 0.000187134754767
2458055.66186 8.83718736762e-05
2458055.66544 0.000330765912152
2458055.66901 -0.000550204017108
2458055.67259 -0.000257475038507
2458055.72353 0.000484720023032
2458055.7271 0.00040989466239
2458055.73068 -0.000110843843243
2458055.73426 7.36578404962e-05
2458055.73783 0.000198901207057
2458055.74141 0.000522945213746
2458055.74499 0.000227076513234
2458055.77996 -0.000286134392116
2458055.78354 0.000455520462297
2458055.78712 -4.00787554782e-05
2458055.79069 -5.15764327143e-05
2458055.79427 -0.000177099320101
2458055.79784 -0.000691249001825
2458055.80142 -0.000203107740643
2458055.805 0.000322096850594
2458055.80857 5.42731114255e-05
2458055.84618 0.000179507849831
2458055.84975 0.000272457990213
2458055.85333 -5.01484303858e-05
2458055.85691 -7.3301819893e-05
2458055.86048 -0.000275488800246
2458055.86406 0.000239566734747
2458055.86764 0.000191734913067
2458055.87121 -0.000253890862861
2458055.87479 9.07187695628e-07
2458055.91238 -0.000310697882653
2458055.91596 -0.000141398574015
2458055.91953 0.000366646935423
2458055.92311 -0.000163836275839
2458055.92669 -0.000288050099086
2458055.93026 9.02441629221e-05
2458055.93384 -1.5457297062e-05
2458055.93742 -0.000490539131513
2458055.94099 0.000814108446812
2458055.97859 -0.000666130235054
2458055.98216 -0.000202059302486
2458055.98574 0.000161080207775
2458055.98931 -0.000191340441186
2458055.99289 0.000116242469979
2458055.99647 0.000198261364884
2458056.00004 -4.95982217057e-05
2458056.00362 -0.000169980237205
2458056.0072 1.52699728615e-05
2458056.04479 -0.000809292508708
2458056.04837 0.00035861703479
2458056.05194 8.02185940982e-05
2458056.05552 -9.24235714882e-05
2458056.05909 0.000334601911834
2458056.06267 -0.000169079098602
2458056.06625 -0.000278049026472
2458056.06982 0.000152168555131
2458056.0734 -0.000293600492384
2458056.11099 0.000295671454574
2458056.11457 -0.000311548546234
2458056.11815 0.00024914774001
2458056.12172 0.000171354354072
2458056.1253 -0.000596008113031
2458056.12887 9.29229701038e-05
2458056.13245 0.00063870267673
2458056.13603 -0.000721462687816
2458056.1396 2.76995649464e-06
2458056.1772 -0.000136566087871
2458056.18077 5.61473525281e-05
2458056.18435 0.000194579670299
2458056.18793 0.000147960035141
2458056.1915 0.000208620169448
2458056.19508 0.000387610299693
2458056.19865 -0.000277222779561
2458056.20223 0.000342262114908
2458056.20581 -0.000489224036729
2458056.2434 -0.000325836115929
2458056.24698 -0.000372913212212
2458056.25055 -0.000204177871018
2458056.25413 0.000200183838352
2458056.25771 -0.000529319782786
2458056.26128 -0.000284777885982
2458056.26486 -0.000322826367319
2458056.26843 0.000510651291961
2458056.27201 0.000729096751574
2458056.3096 -0.000129983599849
2458056.31318 -0.000474521746661
2458056.31676 -8.89772124509e-05
2458056.32033 0.000416667376922
2458056.32391 0.000749675127956
2458056.32749 -0.000117706398257
2458056.33106 -0.000373152577167
2458056.33464 -0.000358267090956
2458056.33822 0.000114884595806
2458056.37582 -6.43273041736e-06
2458056.3794 -6.44675841392e-05
2458056.38297 0.000334840853147
2458056.38655 0.000185851084227
2458056.39012 -0.000456690811724
2458056.3937 7.78703402707e-05
2458056.39728 2.41754676524e-05
2458056.40085 0.00026920839811
2458056.40443 -0.000385585768451
2458056.44202 0.00034737112557
2458056.4456 0.000230040909203
2458056.44918 -0.000572553335762
2458056.45275 -0.000846044682805
2458056.45633 0.000888189953804
2458056.4599 0.000604139793118
2458056.46348 -7.43584438784e-06
2458056.46706 0.000223345200795
2458056.47063 -0.00015220529702
