2458054.85339 -0.000109985502036
2458054.85697 -0.000495006043475
2458054.86054 -0.000732926280696
2458054.86412 -0.000199531885987
2458054.8677 0.000314952220241
2458054.87127 -8.69538198438e-05
2458054.87485 0.000541541715739
2458054.87843 0.000220224397271
2458054.882 -6.26460846929e-05
2458054.9196 0.000536605970116
2458054.92318 -0.000486424003437
2458054.92676 0.000334871540068
2458054.93033 0.000212413991771
2458054.93391 -0.000163584364801
2458054.93749 -0.000501235964375
2458054.94106 -0.000546827890543
2458054.94464 -6.5134616484e-06
2458054.94821 -0.00038713526872
2458054.98579 -9.37101278326e-05
2458054.98937 -0.000322552868292
2458054.99295 9.95058574403e-05
2458054.99652 0.000843174723965
2458055.0001 0.000303424191859
2458055.00367 0.000770072624094
2458055.00725 -0.000224707721608
2458055.01083 -0.000273410701768
2458055.0144 -7.04102895258e-05
2458055.05199 0.000459109328292
2458055.05557 0.000290581381174
2458055.05915 -0.000400946702932
2458055.06272 3.76945365188e-05
2458055.0663 -0.00011687607465
2458055.06987 0.000141779409207
2458055.07345 0.000387755536381
2458055.07703 -0.000110707786998
2458055.0806 0.000499052141615
2458055.11821 0.000691570256871
2458055.12178 0.000825346521662
2458055.12536 -0.000229855862288
2458055.12893 5.6601808106e-05
2458055.13251 -0.000120237912803
2458055.13609 -0.000913493160539
2458055.13966 -0.000140423736049
2458055.14324 0.000431650449398
2458055.14681 -0.000465729510468
2458055.18439 0.00120329481059
2458055.18797 0.000319564958485
2458055.19155 0.000582369417165
2458055.19512 0.00044344167726
2458055.1987 -8.7501338131e-05
2458055.20227 0.000100942367077
2458055.20585 -0.000261749088566
2458055.20943 -0.00026374286306
2458055.213 0.000315950325986
2458055.25059 -0.000974830490671
2458055.25417 0.000308125477764
2458055.25775 -0.000347981292003
2458055.26132 -0.000310402759881
2458055.2649 -0.000318152145346
2458055.26848 -0.000230221044273
2458055.27205 -4.69529166226e-05
2458055.27563 -0.00017607973063
2458055.2792 -5.84702614733e-06
2458055.31681 -0.000407266740397
2458055.32038 -0.000286692026023
2458055.32396 -4.78438659682e-05
2458055.32753 -0.000414334651953
2458055.33111 -6.47002636969e-05
2458055.33469 -0.000214632513442
2458055.33826 0.000650188509054
2458055.34184 -0.000316486217872
2458055.34542 -0.000941072021927
2458055.38301 0.000204786715277
2458055.38658 -0.000515094076627
2458055.39016 -9.42432150071e-05
2458055.39374 -8.94618144464e-05
2458055.39731 0.00035695151513
2458055.40089 -0.000348022686229
2458055.40446 -0.000174306477063
2458055.40804 0.000471197791129
2458055.41162 0.0001025496626
2458055.44921 0.00053401347477
2458055.45278 0.000267049644718
2458055.45636 -5.13995183051e-06
2458055.45994 -0.000210698060886
2458055.46351 0.000270065957614
2458055.46709 0.000380461865635
2458055.47066 -0.000520154445971
2458055.47424 -0.000739006184263
2458055.47782 -0.000229266945935
2458055.51541 0.000213029457002
2458055.51898 0.000236888722445
2458055.52256 0.000351984495294
2458055.52614 -0.000525158172636
2458055.52971 -0.000157391391554
2458055.53329 0.000223202332101
2458055.53686 0.000620354395563
2458055.54044 -0.000184368855051
2458055.58161 0.000113277959058
2458055.58518 -0.000174810268596
2458055.58876 -0.000248165729494
2458055.59234 0.000550240113738
2458055.59591 -0.000240434889168
2458055.59949 -0.000162581146396
2458055.60307 0.000175122403905
2458055.60664 8.95966562364e-05
2458055.64781 0.000181506389786
2458055.65138 3.08842570768e-05
2458055.65496 0.000425763423686
2458055.65854 0.000241851744043
2458055.66211 0.000152424432043
2458055.66569 0.000417837993769
2458055.66927 -0.000478880703378
2458055.67284 -0.00024897043067
2458055.72378 -0.000596629865985
2458055.72735 -0.000322104332461
2458055.73093 -0.000859298860612
2458055.73451 -0.000232038849184
2458055.73808 0.000322964733625
2458055.74166 0.000356372706665
2458055.74523 -9.6063384779e-06
2458055.78021 -0.000363763039614
2458055.78379 0.000330940679874
2458055.78736 -0.000143585715007
2458055.79094 -0.000177610025074
2458055.79451 -0.000292601516754
2458055.79809 -0.000782558347589
2458055.80167 -0.000308911450341
2458055.80524 0.000154892678103
2458055.80882 -4.10850589413e-05
2458055.84642 0.000177855929592
2458055.85 0.000225227508682
2458055.85357 -7.46372880213e-05
2458055.85715 -0.000118552833224
2458055.86073 -0.000308438159331
2458055.8643 0.000232979560759
2458055.86788 0.000172824746563
2458055.87145 -0.000331914746421
2458055.87503 -2.47836002013e-06
2458055.91262 0.00014858000177
2458055.9162 0.000369996675969
2458055.91977 0.000961161936879
2458055.92335 0.000448373056696
2458055.92693 0.000356683317331
2458055.9305 0.000764962799408
2458055.93408 0.000635409347253
2458055.93765 7.45378997773e-05
2458055.94123 0.00140628136008
2458055.97882 -0.000485476388946
2458055.9824 -6.83898786721e-05
2458055.98597 0.000315902909642
2458055.98955 -5.88896045186e-05
2458055.99313 0.000259197073338
2458055.9967 0.000365460479271
2458056.00028 0.000103048399619
2458056.00386 -7.89108978258e-05
2458056.00743 0.000178097042225
2458056.04502 -0.000558201830492
2458056.0486 0.000562831612794
2458056.05217 0.0003059584676
2458056.05575 0.000111220726455
2458056.05933 0.000548968170932
2458056.0629 6.99351637469e-05
2458056.06648 -5.33168772298e-05
2458056.07006 0.000315500252038
2458056.07363 -5.81277789519e-05
2458056.11122 0.000621945280508
2458056.1148 -3.14096021963e-05
2458056.11837 0.000379603762046
2458056.12195 3.54506141863e-05
2458056.12553 -0.000813026332987
2458056.1291 -0.000121169879125
2458056.13268 0.00039387140036
2458056.13626 -0.00104151824227
2458056.13983 -0.000256372197959
2458056.17742 -0.000369757241638
2458056.181 -0.000226831595005
2458056.18458 -6.98137501644e-05
2458056.18815 -0.000141281797389
2458056.19173 -7.22447278865e-05
2458056.1953 0.00012907608066
2458056.19888 -0.000552310850578
2458056.20246 4.14669164978e-06
2458056.20603 -0.000757224792669
2458056.24362 -0.000513075006633
2458056.2472 -0.000606922788943
2458056.25078 -0.000416702092327
2458056.25435 -3.43604536626e-05
2458056.25793 -0.000753090156705
2458056.2615 -0.000483765419171
2458056.26508 -0.000535880467022
2458056.26866 0.000236793207431
2458056.27223 0.000527712983365
2458056.30982 -0.000232592261293
2458056.3134 -0.000622413711172
2458056.31698 -0.000213867694679
2458056.32055 0.000271211656407
2458056.32413 0.000616669885025
2458056.3277 -0.00022463107514
2458056.33128 -0.000492706027148
2458056.33486 -0.000537369415552
2458056.33843 9.79501201204e-06
2458056.37604 4.50615954606e-06
2458056.37961 -9.68534215921e-05
2458056.38319 0.000327365977174
2458056.38676 0.000159817621053
2458056.39034 -0.000468181368731
2458056.39392 9.48408119451e-05
2458056.39749 3.09330904944e-05
2458056.40107 0.000218947391932
2458056.40465 -0.000359268416559
2458056.44224 0.00053275375963
2458056.44581 0.00037894383058
2458056.44939 -0.000390857527679
2458056.45296 -0.000673967234227
2458056.45654 0.00108505884097
2458056.46012 0.000842290720239
2458056.46369 0.000237175782657
2458056.46727 0.00043511272923
2458056.47085 0.000326579734507
